   1.4732e-02
   4.9033e-03
   2.0787e-02
   2.7642e-02
   3.4433e-02
   4.1146e-02
   4.7765e-02
   5.4276e-02
   6.0663e-02
   6.6914e-02
   7.3014e-02
   7.8952e-02
   8.4714e-02
   9.0289e-02
   9.5666e-02
   1.0084e-01
   1.0579e-01
   1.1051e-01
   1.1500e-01
   1.1925e-01
   1.2326e-01
   1.2701e-01
   1.3050e-01
   1.3373e-01
   1.3670e-01
   1.3940e-01
   1.4184e-01
   1.4401e-01
   1.4591e-01
   1.4755e-01
   1.4892e-01
   1.5003e-01
   1.5089e-01
   1.5150e-01
   1.5186e-01
   1.5198e-01
   1.5186e-01
   1.5151e-01
   1.5095e-01
   1.5017e-01
   1.4918e-01
   1.4800e-01
   1.4663e-01
   1.4508e-01
   1.4337e-01
   1.4149e-01
   1.3946e-01
   1.3730e-01
   1.3500e-01
   1.3258e-01
   1.3006e-01
   1.2743e-01
   1.2471e-01
   1.2192e-01
   1.1905e-01
   1.1612e-01
   1.1314e-01
   1.1011e-01
   1.0706e-01
   1.0397e-01
   1.0087e-01
   9.7758e-02
   9.4644e-02
   9.1535e-02
   8.8437e-02
   8.5358e-02
   8.2302e-02
   7.9277e-02
   7.6287e-02
   7.3338e-02
   7.0433e-02
   6.7577e-02
   6.4774e-02
   6.2027e-02
   5.9340e-02
   5.6715e-02
   5.4154e-02
   5.1660e-02
   4.9235e-02
   4.6879e-02
   4.4594e-02
   4.2381e-02
   4.0241e-02
   3.8173e-02
   3.6179e-02
   3.4257e-02
   3.2407e-02
   3.0630e-02
   2.8924e-02
   2.7288e-02
   2.5721e-02
   2.4223e-02
   2.2791e-02
   2.1425e-02
   2.0123e-02
   1.8883e-02
   1.7703e-02
   1.6583e-02
   1.5520e-02
   1.4512e-02
   1.3558e-02
   1.2655e-02
   1.1803e-02
   1.0998e-02
   1.0239e-02
   9.5236e-03
   8.8509e-03
   8.2187e-03
   7.6249e-03
   7.0680e-03
   6.5461e-03
   6.0575e-03
   5.6006e-03
   5.1737e-03
   4.7752e-03
   4.4037e-03
   4.0576e-03
   3.7356e-03
   3.4361e-03
   3.1580e-03
   2.8999e-03
   2.6607e-03
   2.4391e-03
   2.2341e-03
   2.0446e-03
   1.8696e-03
   1.7082e-03
   1.5593e-03
   1.4223e-03
   1.2962e-03
   1.1803e-03
   1.0738e-03
   9.7614e-04
   8.8662e-04
   8.0464e-04
   7.2963e-04
   6.6106e-04
   5.9843e-04
   5.4129e-04
   4.8920e-04
   4.4175e-04
   3.9858e-04
   3.5932e-04
   3.2367e-04
   2.9131e-04
   2.6197e-04
   2.3539e-04
   2.1133e-04
   1.8958e-04
   1.6992e-04
   1.5218e-04
   1.3617e-04
   1.2175e-04
   1.0877e-04
   9.7094e-05
   8.6599e-05
   7.7175e-05
   6.8720e-05
   6.1141e-05
   5.4354e-05
   4.8280e-05
   4.2851e-05
   3.8000e-05
   3.3672e-05
   2.9812e-05
   2.6372e-05
   2.3311e-05
   2.0588e-05
   1.8169e-05
   1.6021e-05
   1.4115e-05
   1.2426e-05
   1.0930e-05
   9.6063e-06
   8.4361e-06
   7.4025e-06
   6.4902e-06
   5.6858e-06
   4.9770e-06
   4.3531e-06
   3.8043e-06
   3.3219e-06
   2.8984e-06
   2.5269e-06
   2.2012e-06
   1.9159e-06
   1.6663e-06
   1.4480e-06
   1.2573e-06
   1.0908e-06
   9.4560e-07
   8.1908e-07
   7.0891e-07
   6.1306e-07
   5.2975e-07
   4.5739e-07
   3.9460e-07
   3.4016e-07
   2.9299e-07
   2.5216e-07
   2.1684e-07
   1.8632e-07
   1.5997e-07
   1.3723e-07
   1.1764e-07
   1.0075e-07
   8.6227e-08
   7.3735e-08
   6.3001e-08
   5.3787e-08
   4.5884e-08
   3.9110e-08
   3.3310e-08
   2.8347e-08
   2.4104e-08
   2.0480e-08
   1.7387e-08
   1.4749e-08
   1.2502e-08
   1.0588e-08
   8.9606e-09
   7.5770e-09
   6.4018e-09
   5.4047e-09
   4.5591e-09
   3.8425e-09
   3.2357e-09
   2.7226e-09
   2.2887e-09
   1.9225e-09
   1.6132e-09
   1.3525e-09
   1.1327e-09
   9.4804e-10
   7.9313e-10
   6.6290e-10
   5.5407e-10
   4.6284e-10
   3.8644e-10
   3.2253e-10
   2.6873e-10
   2.2398e-10
   1.8654e-10
   1.5539e-10
   1.2922e-10
   1.0733e-10
   8.9021e-11
   7.3492e-11
   6.0350e-11
   4.9332e-11
   4.0157e-11
   3.2655e-11
   2.6625e-11
   2.2025e-11
   1.8449e-11
   1.5421e-11
   1.2722e-11
   1.0424e-11
   8.4572e-12
   7.2719e-12
   6.0654e-12
   5.4763e-12
   4.7404e-12
   4.2115e-12
   3.5750e-12
   2.6315e-12
   1.7289e-12
   1.0869e-12
   5.6296e-13
   9.8606e-14
  -1.1887e-13
   2.4239e-16
   4.1264e-14
  -1.3251e-14
  -9.3874e-14
  -3.5659e-13
  -6.0050e-13
  -6.6187e-13
  -6.7688e-13
  -3.3574e-13
  -1.9979e-13
   1.4137e-13
   5.0082e-13
   7.3244e-13
   9.2923e-13
   1.1406e-12
   1.2109e-12
   1.3963e-12
   1.6148e-12
   1.6910e-12
   1.6382e-12
   1.3074e-12
   1.0986e-12
   7.7630e-13
   3.2794e-13
  -2.5051e-13
  -6.8359e-13
  -9.3620e-13
  -1.0373e-12
  -1.1779e-12
  -1.2215e-12
  -1.2841e-12
  -8.0869e-13
  -3.9871e-13
  -7.8811e-14
   1.8770e-13
   4.0563e-13
   4.4731e-13
   3.6709e-13
   3.5831e-14
  -1.7014e-13
  -5.5753e-14
  -1.2148e-14
  -8.8541e-14
  -3.2018e-13
  -4.0663e-13
  -6.0464e-13
  -7.2670e-13
  -6.5630e-13
  -5.0241e-13
   2.8400e-14
   4.5715e-13
   9.7483e-13
   1.4763e-12
   1.4189e-12
   1.0055e-12
   4.9124e-13
   2.2817e-13
  -9.0943e-14
  -3.5814e-13
  -8.4422e-13
  -1.1872e-12
  -1.6568e-12
  -1.9679e-12
  -2.5132e-12
  -2.9155e-12
  -2.9040e-12
  -2.7956e-12
  -2.2007e-12
  -1.8789e-12
  -1.1535e-12
  -4.3977e-13
   1.2116e-13
   7.0908e-13
   9.3781e-13
   1.2519e-12
   1.5798e-12
   1.9258e-12
   2.3244e-12
   2.4268e-12
   2.3348e-12
   1.9946e-12
   1.7325e-12
   1.2334e-12
   7.9557e-13
   4.8825e-13
   2.7422e-13
   2.6238e-13
   2.6921e-13
   3.0158e-13
  -6.1374e-14
  -2.9809e-13
  -5.9447e-13
  -7.2376e-13
  -9.0573e-13
  -1.4124e-12
  -1.5825e-12
  -1.5145e-12
  -1.3875e-12
  -1.6103e-12
  -1.9707e-12
  -2.0850e-12
  -1.9745e-12
  -1.6770e-12
  -1.5893e-12
  -1.3672e-12
  -1.1531e-12
  -8.7749e-13
  -3.8565e-13
  -5.5099e-14
   6.0614e-13
   1.1901e-12
   1.7063e-12
   1.9066e-12
   1.7389e-12
   1.3765e-12
   8.4213e-13
   5.3434e-13
   2.1143e-13
   8.6963e-15
  -1.7798e-13
  -4.8807e-13
  -5.9665e-13
  -6.0201e-13
  -9.2338e-13
  -1.3646e-12
  -1.6193e-12
  -1.5714e-12
  -1.2253e-12
  -6.1312e-13
,   -1.8075e-02
  -6.0032e-03
  -2.5424e-02
  -3.3684e-02
  -4.1764e-02
  -4.9618e-02
  -5.7206e-02
  -6.4486e-02
  -7.1420e-02
  -7.7972e-02
  -8.4107e-02
  -8.9794e-02
  -9.5002e-02
  -9.9707e-02
  -1.0388e-01
  -1.0751e-01
  -1.1058e-01
  -1.1306e-01
  -1.1496e-01
  -1.1625e-01
  -1.1695e-01
  -1.1704e-01
  -1.1654e-01
  -1.1544e-01
  -1.1375e-01
  -1.1149e-01
  -1.0867e-01
  -1.0531e-01
  -1.0143e-01
  -9.7051e-02
  -9.2197e-02
  -8.6897e-02
  -8.1179e-02
  -7.5074e-02
  -6.8614e-02
  -6.1832e-02
  -5.4763e-02
  -4.7441e-02
  -3.9904e-02
  -3.2186e-02
  -2.4325e-02
  -1.6356e-02
  -8.3152e-03
  -2.3898e-04
   7.8383e-03
   1.5883e-02
   2.3861e-02
   3.1741e-02
   3.9493e-02
   4.7087e-02
   5.4497e-02
   6.1695e-02
   6.8659e-02
   7.5366e-02
   8.1795e-02
   8.7929e-02
   9.3750e-02
   9.9246e-02
   1.0440e-01
   1.0921e-01
   1.1366e-01
   1.1775e-01
   1.2147e-01
   1.2482e-01
   1.2780e-01
   1.3041e-01
   1.3265e-01
   1.3453e-01
   1.3605e-01
   1.3722e-01
   1.3805e-01
   1.3855e-01
   1.3872e-01
   1.3859e-01
   1.3816e-01
   1.3745e-01
   1.3647e-01
   1.3523e-01
   1.3375e-01
   1.3205e-01
   1.3014e-01
   1.2804e-01
   1.2575e-01
   1.2331e-01
   1.2071e-01
   1.1799e-01
   1.1515e-01
   1.1221e-01
   1.0918e-01
   1.0608e-01
   1.0292e-01
   9.9716e-02
   9.6475e-02
   9.3213e-02
   8.9940e-02
   8.6666e-02
   8.3403e-02
   8.0159e-02
   7.6943e-02
   7.3762e-02
   7.0625e-02
   6.7538e-02
   6.4508e-02
   6.1539e-02
   5.8636e-02
   5.5805e-02
   5.3047e-02
   5.0368e-02
   4.7768e-02
   4.5251e-02
   4.2818e-02
   4.0471e-02
   3.8209e-02
   3.6034e-02
   3.3945e-02
   3.1943e-02
   3.0025e-02
   2.8193e-02
   2.6444e-02
   2.4777e-02
   2.3191e-02
   2.1683e-02
   2.0252e-02
   1.8896e-02
   1.7612e-02
   1.6399e-02
   1.5254e-02
   1.4174e-02
   1.3157e-02
   1.2201e-02
   1.1303e-02
   1.0460e-02
   9.6709e-03
   8.9323e-03
   8.2419e-03
   7.5974e-03
   6.9963e-03
   6.4366e-03
   5.9158e-03
   5.4319e-03
   4.9828e-03
   4.5664e-03
   4.1807e-03
   3.8240e-03
   3.4943e-03
   3.1901e-03
   2.9095e-03
   2.6511e-03
   2.4134e-03
   2.1950e-03
   1.9944e-03
   1.8105e-03
   1.6419e-03
   1.4877e-03
   1.3468e-03
   1.2180e-03
   1.1005e-03
   9.9349e-04
   8.9603e-04
   8.0739e-04
   7.2685e-04
   6.5374e-04
   5.8745e-04
   5.2741e-04
   4.7307e-04
   4.2394e-04
   3.7957e-04
   3.3954e-04
   3.0346e-04
   2.7097e-04
   2.4174e-04
   2.1546e-04
   1.9188e-04
   1.7072e-04
   1.5176e-04
   1.3478e-04
   1.1960e-04
   1.0603e-04
   9.3924e-05
   8.3122e-05
   7.3498e-05
   6.4931e-05
   5.7312e-05
   5.0543e-05
   4.4533e-05
   3.9204e-05
   3.4483e-05
   3.0303e-05
   2.6607e-05
   2.3341e-05
   2.0459e-05
   1.7916e-05
   1.5676e-05
   1.3705e-05
   1.1970e-05
   1.0447e-05
   9.1088e-06
   7.9355e-06
   6.9074e-06
   6.0073e-06
   5.2200e-06
   4.5319e-06
   3.9312e-06
   3.4072e-06
   2.9505e-06
   2.5528e-06
   2.2069e-06
   1.9062e-06
   1.6450e-06
   1.4184e-06
   1.2220e-06
   1.0519e-06
   9.0471e-07
   7.7745e-07
   6.6752e-07
   5.7265e-07
   4.9084e-07
   4.2037e-07
   3.5971e-07
   3.0754e-07
   2.6271e-07
   2.2423e-07
   1.9123e-07
   1.6295e-07
   1.3873e-07
   1.1801e-07
   1.0030e-07
   8.5180e-08
   7.2276e-08
   6.1276e-08
   5.1906e-08
   4.3932e-08
   3.7152e-08
   3.1392e-08
   2.6503e-08
   2.2356e-08
   1.8843e-08
   1.5868e-08
   1.3351e-08
   1.1224e-08
   9.4281e-09
   7.9134e-09
   6.6364e-09
   5.5610e-09
   4.6566e-09
   3.8962e-09
   3.2569e-09
   2.7200e-09
   2.2695e-09
   1.8916e-09
   1.5753e-09
   1.3106e-09
   1.0895e-09
   9.0528e-10
   7.5175e-10
   6.2374e-10
   5.1694e-10
   4.2818e-10
   3.5453e-10
   2.9374e-10
   2.4303e-10
   2.0112e-10
   1.6618e-10
   1.3721e-10
   1.1359e-10
   9.4166e-11
   7.7969e-11
   6.4273e-11
   5.2821e-11
   4.3252e-11
   3.5407e-11
   2.8853e-11
   2.3823e-11
   1.9719e-11
   1.6464e-11
   1.4049e-11
   1.2085e-11
   1.0126e-11
   8.3680e-12
   7.0931e-12
   6.0759e-12
   5.1692e-12
   4.9737e-12
   4.6663e-12
   4.1115e-12
   3.6620e-12
   3.1686e-12
   2.9263e-12
   2.6560e-12
   2.3138e-12
   1.5852e-12
   1.2536e-12
   1.5713e-12
   1.5379e-12
   1.1828e-12
   1.0347e-12
   1.1299e-12
   9.0009e-13
   6.6823e-13
   6.2087e-13
   2.9653e-13
  -9.4609e-14
  -4.6335e-13
   3.3719e-14
   6.1563e-13
   1.1674e-12
   1.3127e-12
   1.0109e-12
   9.5414e-13
   1.0059e-12
   1.0136e-12
   6.4694e-13
   8.2228e-13
   7.4912e-13
   3.6444e-13
   2.8570e-13
   1.1390e-13
  -2.6558e-13
  -5.2312e-13
  -7.6636e-13
  -7.1182e-13
  -5.8754e-13
  -5.3669e-13
  -3.1453e-13
  -2.5939e-13
   1.0958e-13
   5.4199e-13
   7.5912e-13
   9.1266e-13
   1.0035e-12
   6.0048e-13
   4.5530e-13
   5.2840e-13
   4.3802e-13
   3.4453e-13
   2.5813e-13
   8.5859e-14
  -2.3642e-13
  -5.0634e-13
  -1.0032e-12
  -1.4300e-12
  -1.3012e-12
  -1.0181e-12
  -5.8691e-13
  -1.1502e-13
   2.2506e-13
   4.9847e-13
   6.6576e-13
   7.1111e-13
   6.6517e-13
   5.6904e-13
   5.1561e-13
   5.2845e-13
   2.7606e-13
   2.6798e-13
   3.3136e-13
   3.8385e-13
   6.1423e-13
   6.5447e-13
   4.4397e-13
  -1.5328e-13
  -3.6759e-13
  -8.5552e-13
  -1.1574e-12
  -1.0440e-12
  -9.0208e-13
  -5.8010e-13
  -3.9277e-13
  -1.8092e-13
  -1.0405e-13
  -4.3471e-14
  -1.2371e-13
  -1.6366e-13
  -4.1766e-13
  -9.0270e-14
   4.2194e-13
   3.8421e-13
   3.4532e-13
   3.6174e-13
   5.3320e-13
   8.4423e-13
   1.0724e-12
   8.8946e-13
   5.4288e-13
   1.1979e-13
  -1.1666e-14
  -2.4980e-13
  -3.0539e-13
   1.8656e-14
  -9.4733e-14
  -3.4851e-13
  -4.2437e-13
  -3.1178e-13
  -5.9415e-13
  -1.0192e-12
  -1.1967e-12
  -1.1920e-12
  -8.0186e-13
  -4.7630e-13
  -2.3916e-13
,    2.0207e-02
   6.6975e-03
   2.8334e-02
   3.7404e-02
   4.6155e-02
   5.4515e-02
   6.2412e-02
   6.9780e-02
   7.6557e-02
   8.2686e-02
   8.8117e-02
   9.2804e-02
   9.6709e-02
   9.9801e-02
   1.0205e-01
   1.0345e-01
   1.0399e-01
   1.0365e-01
   1.0245e-01
   1.0041e-01
   9.7528e-02
   9.3845e-02
   8.9388e-02
   8.4199e-02
   7.8320e-02
   7.1804e-02
   6.4705e-02
   5.7082e-02
   4.9000e-02
   4.0525e-02
   3.1726e-02
   2.2675e-02
   1.3444e-02
   4.1079e-03
  -5.2608e-03
  -1.4588e-02
  -2.3803e-02
  -3.2834e-02
  -4.1613e-02
  -5.0076e-02
  -5.8159e-02
  -6.5805e-02
  -7.2959e-02
  -7.9571e-02
  -8.5597e-02
  -9.0996e-02
  -9.5735e-02
  -9.9783e-02
  -1.0312e-01
  -1.0572e-01
  -1.0758e-01
  -1.0869e-01
  -1.0905e-01
  -1.0866e-01
  -1.0753e-01
  -1.0569e-01
  -1.0313e-01
  -9.9903e-02
  -9.6022e-02
  -9.1521e-02
  -8.6436e-02
  -8.0807e-02
  -7.4675e-02
  -6.8083e-02
  -6.1078e-02
  -5.3706e-02
  -4.6016e-02
  -3.8057e-02
  -2.9879e-02
  -2.1531e-02
  -1.3063e-02
  -4.5231e-03
   4.0415e-03
   1.2584e-02
   2.1061e-02
   2.9430e-02
   3.7649e-02
   4.5681e-02
   5.3490e-02
   6.1043e-02
   6.8310e-02
   7.5262e-02
   8.1877e-02
   8.8132e-02
   9.4008e-02
   9.9490e-02
   1.0457e-01
   1.0922e-01
   1.1346e-01
   1.1726e-01
   1.2064e-01
   1.2359e-01
   1.2611e-01
   1.2821e-01
   1.2990e-01
   1.3119e-01
   1.3208e-01
   1.3259e-01
   1.3274e-01
   1.3254e-01
   1.3200e-01
   1.3115e-01
   1.3000e-01
   1.2857e-01
   1.2688e-01
   1.2495e-01
   1.2279e-01
   1.2044e-01
   1.1790e-01
   1.1521e-01
   1.1236e-01
   1.0940e-01
   1.0632e-01
   1.0316e-01
   9.9919e-02
   9.6625e-02
   9.3290e-02
   8.9928e-02
   8.6553e-02
   8.3177e-02
   7.9814e-02
   7.6474e-02
   7.3167e-02
   6.9903e-02
   6.6691e-02
   6.3537e-02
   6.0449e-02
   5.7434e-02
   5.4495e-02
   5.1639e-02
   4.8867e-02
   4.6185e-02
   4.3594e-02
   4.1096e-02
   3.8692e-02
   3.6383e-02
   3.4170e-02
   3.2053e-02
   3.0030e-02
   2.8100e-02
   2.6264e-02
   2.4518e-02
   2.2862e-02
   2.1292e-02
   1.9807e-02
   1.8405e-02
   1.7082e-02
   1.5837e-02
   1.4665e-02
   1.3565e-02
   1.2534e-02
   1.1568e-02
   1.0665e-02
   9.8215e-03
   9.0349e-03
   8.3023e-03
   7.6210e-03
   6.9880e-03
   6.4007e-03
   5.8566e-03
   5.3531e-03
   4.8877e-03
   4.4581e-03
   4.0621e-03
   3.6973e-03
   3.3619e-03
   3.0537e-03
   2.7709e-03
   2.5118e-03
   2.2745e-03
   2.0576e-03
   1.8595e-03
   1.6788e-03
   1.5141e-03
   1.3642e-03
   1.2279e-03
   1.1042e-03
   9.9191e-04
   8.9018e-04
   7.9809e-04
   7.1483e-04
   6.3963e-04
   5.7178e-04
   5.1063e-04
   4.5558e-04
   4.0608e-04
   3.6160e-04
   3.2168e-04
   2.8590e-04
   2.5385e-04
   2.2518e-04
   1.9956e-04
   1.7669e-04
   1.5629e-04
   1.3811e-04
   1.2193e-04
   1.0755e-04
   9.4775e-05
   8.3438e-05
   7.3389e-05
   6.4490e-05
   5.6617e-05
   4.9660e-05
   4.3516e-05
   3.8098e-05
   3.3323e-05
   2.9120e-05
   2.5424e-05
   2.2176e-05
   1.9326e-05
   1.6826e-05
   1.4637e-05
   1.2720e-05
   1.1045e-05
   9.5813e-06
   8.3042e-06
   7.1908e-06
   6.2210e-06
   5.3772e-06
   4.6436e-06
   4.0065e-06
   3.4537e-06
   2.9745e-06
   2.5595e-06
   2.2004e-06
   1.8900e-06
   1.6220e-06
   1.3907e-06
   1.1913e-06
   1.0196e-06
   8.7189e-07
   7.4491e-07
   6.3586e-07
   5.4229e-07
   4.6208e-07
   3.9339e-07
   3.3462e-07
   2.8437e-07
   2.4146e-07
   2.0484e-07
   1.7363e-07
   1.4704e-07
   1.2441e-07
   1.0518e-07
   8.8836e-08
   7.4970e-08
   6.3213e-08
   5.3253e-08
   4.4824e-08
   3.7696e-08
   3.1674e-08
   2.6591e-08
   2.2304e-08
   1.8692e-08
   1.5652e-08
   1.3094e-08
   1.0945e-08
   9.1408e-09
   7.6271e-09
   6.3586e-09
   5.2966e-09
   4.4083e-09
   3.6656e-09
   3.0454e-09
   2.5279e-09
   2.0964e-09
   1.7371e-09
   1.4377e-09
   1.1887e-09
   9.8198e-10
   8.1055e-10
   6.6841e-10
   5.5033e-10
   4.5313e-10
   3.7263e-10
   3.0640e-10
   2.5163e-10
   2.0651e-10
   1.6958e-10
   1.3930e-10
   1.1416e-10
   9.3067e-11
   7.5826e-11
   6.1963e-11
   5.0386e-11
   4.1020e-11
   3.3707e-11
   2.7729e-11
   2.3129e-11
   1.9325e-11
   1.6372e-11
   1.3792e-11
   1.1832e-11
   1.0196e-11
   8.4205e-12
   7.0656e-12
   5.9960e-12
   5.2996e-12
   4.6274e-12
   4.1552e-12
   3.9632e-12
   3.8135e-12
   3.8598e-12
   3.6735e-12
   3.5846e-12
   3.5820e-12
   3.4320e-12
   3.1895e-12
   2.8831e-12
   2.7910e-12
   2.6792e-12
   2.5391e-12
   2.4391e-12
   2.3248e-12
   2.2016e-12
   2.1286e-12
   1.9629e-12
   1.8463e-12
   1.8419e-12
   1.7456e-12
   1.5146e-12
   1.1340e-12
   1.0344e-12
   8.2977e-13
   5.3181e-13
   4.4441e-13
   6.1704e-13
   7.5283e-13
   7.3061e-13
   9.6226e-13
   1.0362e-12
   1.0602e-12
   9.3204e-13
   8.4927e-13
   5.4537e-13
   3.0867e-13
   3.4496e-13
   1.3850e-13
  -6.2004e-14
  -2.4751e-13
  -2.1303e-13
  -3.3939e-13
  -3.5932e-13
  -3.2336e-13
  -2.7515e-14
   4.4987e-13
   5.3552e-13
   3.7842e-13
   2.4764e-13
   1.7963e-13
  -1.6879e-13
  -5.8958e-13
  -7.3532e-13
  -7.5734e-13
  -7.1646e-13
  -5.1283e-13
  -4.8566e-13
  -2.5791e-13
   2.3012e-13
   4.6883e-13
   4.2168e-13
   2.7102e-13
   3.9967e-13
   3.7942e-13
   6.4169e-14
  -8.8645e-14
  -3.1934e-13
  -3.7300e-13
  -4.0364e-13
  -3.5014e-13
  -1.8454e-13
  -1.1537e-13
   2.5430e-13
   2.5968e-13
   8.4550e-14
  -1.2166e-13
  -7.3497e-14
   1.1318e-13
  -1.7923e-13
  -3.4748e-13
  -3.6957e-13
  -3.0590e-13
  -2.8323e-13
  -3.3258e-13
  -8.3605e-14
   3.4292e-13
   5.2940e-13
   6.5879e-13
   6.3127e-13
   6.6598e-13
   5.7967e-13
   2.6817e-13
   1.8229e-13
  -2.0996e-13
  -3.6095e-13
  -3.1725e-13
  -3.1062e-13
  -1.9351e-13
  -1.3532e-13
   1.1210e-13
, 