   3.8942e-01
   1.1307e-01
   4.4941e-01
   4.7017e-01
   4.2825e-01
   3.4752e-01
   2.5440e-01
   1.6929e-01
   1.0293e-01
   5.7409e-02
   2.9459e-02
   1.3944e-02
   6.1016e-03
   2.4732e-03
   9.3037e-04
   3.2538e-04
   1.0597e-04
   3.2192e-05
   9.1356e-06
   2.4256e-06
   6.0343e-07
   1.4086e-07
   3.0903e-08
   6.3827e-09
   1.2437e-09
   2.2889e-10
   3.9997e-11
   6.9569e-12
   1.8285e-12
   1.9046e-13
   1.2261e-12
  -1.1836e-12
   1.2075e-12
   2.3366e-13
  -1.9014e-12
   1.1897e-12
   1.9357e-12
  -1.0730e-12
  -2.8039e-12
  -1.8867e-12
,   -4.3034e-01
  -9.0894e-02
  -3.2517e-01
  -1.3738e-01
   1.0736e-01
   3.1218e-01
   4.1804e-01
   4.1946e-01
   3.4936e-01
   2.5169e-01
   1.6025e-01
   9.1383e-02
   4.7090e-02
   2.2074e-02
   9.4607e-03
   3.7231e-03
   1.3500e-03
   4.5246e-04
   1.4054e-04
   4.0560e-05
   1.0900e-05
   2.7335e-06
   6.4092e-07
   1.4076e-07
   2.9008e-08
   5.6226e-09
   1.0266e-09
   1.7357e-10
   2.3489e-11
   3.7097e-13
  -2.8797e-12
   1.6166e-13
  -2.1258e-12
   6.6174e-13
   8.4934e-13
  -1.3401e-12
  -7.7636e-13
   1.1132e-12
   1.6781e-12
   9.7479e-13
,    4.1941e-01
   4.7102e-02
   1.4979e-01
  -1.3871e-01
  -3.3067e-01
  -3.0663e-01
  -9.9134e-02
   1.6102e-01
   3.4843e-01
   4.1030e-01
   3.6694e-01
   2.7200e-01
   1.7371e-01
   9.7646e-02
   4.8986e-02
   2.2145e-02
   9.0871e-03
   3.4041e-03
   1.1697e-03
   3.7016e-04
   1.0825e-04
   2.9347e-05
   7.3951e-06
   1.7365e-06
   3.8087e-07
   7.8188e-08
   1.5053e-08
   2.7257e-09
   4.6727e-10
   7.8552e-11
   1.4857e-11
   3.4717e-12
   4.6320e-13
   1.1439e-12
  -1.3058e-12
   4.3069e-12
  -5.5173e-12
   6.1908e-12
  -2.4508e-12
  -1.4867e-12
, 