   0.0126
   0.0042
   0.0177
   0.0236
   0.0294
   0.0352
   0.0409
   0.0465
   0.0521
   0.0575
   0.0628
   0.0681
   0.0732
   0.0782
   0.0830
   0.0877
   0.0922
   0.0966
   0.1008
   0.1048
   0.1087
   0.1123
   0.1158
   0.1191
   0.1222
   0.1251
   0.1278
   0.1303
   0.1326
   0.1347
   0.1365
   0.1382
   0.1397
   0.1410
   0.1420
   0.1429
   0.1436
   0.1441
   0.1444
   0.1445
   0.1444
   0.1442
   0.1437
   0.1431
   0.1424
   0.1415
   0.1404
   0.1393
   0.1379
   0.1365
   0.1349
   0.1332
   0.1314
   0.1294
   0.1274
   0.1253
   0.1231
   0.1209
   0.1185
   0.1161
   0.1137
   0.1112
   0.1086
   0.1060
   0.1034
   0.1008
   0.0981
   0.0954
   0.0927
   0.0901
   0.0874
   0.0847
   0.0820
   0.0793
   0.0767
   0.0741
   0.0715
   0.0689
   0.0664
   0.0639
   0.0615
   0.0590
   0.0567
   0.0543
   0.0521
   0.0498
   0.0476
   0.0455
   0.0434
   0.0414
   0.0394
   0.0374
   0.0356
   0.0337
   0.0320
   0.0302
   0.0285
   0.0269
   0.0253
   0.0238
   0.0223
   0.0209
   0.0195
   0.0182
   0.0169
   0.0156
   0.0144
   0.0132
   0.0120
   0.0109
   0.0098
   0.0087
   0.0077
   0.0067
   0.0057
   0.0047
   0.0037
   0.0028
   0.0019
   0.0009
,  -1.6843e-002
 -5.5975e-003
 -2.3713e-002
 -3.1450e-002
 -3.9046e-002
 -4.6465e-002
 -5.3675e-002
 -6.0644e-002
 -6.7339e-002
 -7.3733e-002
 -7.9796e-002
 -8.5501e-002
 -9.0825e-002
 -9.5743e-002
 -1.0024e-001
 -1.0428e-001
 -1.0787e-001
 -1.1098e-001
 -1.1360e-001
 -1.1572e-001
 -1.1734e-001
 -1.1844e-001
 -1.1903e-001
 -1.1911e-001
 -1.1867e-001
 -1.1772e-001
 -1.1627e-001
 -1.1433e-001
 -1.1190e-001
 -1.0900e-001
 -1.0565e-001
 -1.0185e-001
 -9.7633e-002
 -9.3014e-002
 -8.8015e-002
 -8.2658e-002
 -7.6967e-002
 -7.0967e-002
 -6.4686e-002
 -5.8148e-002
 -5.1383e-002
 -4.4417e-002
 -3.7281e-002
 -3.0001e-002
 -2.2608e-002
 -1.5130e-002
 -7.5951e-003
 -3.2455e-005
  7.5303e-003
  1.5066e-002
  2.2547e-002
  2.9949e-002
  3.7246e-002
  4.4414e-002
  5.1431e-002
  5.8273e-002
  6.4922e-002
  7.1356e-002
  7.7560e-002
  8.3514e-002
  8.9206e-002
  9.4619e-002
  9.9744e-002
  1.0457e-001
  1.0908e-001
  1.1328e-001
  1.1715e-001
  1.2069e-001
  1.2390e-001
  1.2677e-001
  1.2930e-001
  1.3150e-001
  1.3337e-001
  1.3490e-001
  1.3610e-001
  1.3698e-001
  1.3755e-001
  1.3780e-001
  1.3775e-001
  1.3740e-001
  1.3677e-001
  1.3586e-001
  1.3469e-001
  1.3326e-001
  1.3159e-001
  1.2969e-001
  1.2757e-001
  1.2524e-001
  1.2272e-001
  1.2001e-001
  1.1714e-001
  1.1410e-001
  1.1092e-001
  1.0760e-001
  1.0417e-001
  1.0062e-001
  9.6969e-002
  9.3231e-002
  8.9416e-002
  8.5532e-002
  8.1589e-002
  7.7596e-002
  7.3563e-002
  6.9496e-002
  6.5403e-002
  6.1292e-002
  5.7167e-002
  5.3035e-002
  4.8901e-002
  4.4769e-002
  4.0643e-002
  3.6525e-002
  3.2418e-002
  2.8324e-002
  2.4243e-002
  2.0175e-002
  1.6121e-002
  1.2078e-002
  8.0459e-003
  4.0209e-003
,   -0.0227
  -0.0075
  -0.0318
  -0.0420
  -0.0519
  -0.0614
  -0.0704
  -0.0788
  -0.0866
  -0.0937
  -0.1000
  -0.1056
  -0.1103
  -0.1142
  -0.1171
  -0.1192
  -0.1203
  -0.1204
  -0.1196
  -0.1179
  -0.1152
  -0.1116
  -0.1072
  -0.1019
  -0.0959
  -0.0890
  -0.0816
  -0.0734
  -0.0647
  -0.0556
  -0.0460
  -0.0360
  -0.0258
  -0.0153
  -0.0048
   0.0058
   0.0163
   0.0267
   0.0369
   0.0469
   0.0565
   0.0657
   0.0744
   0.0825
   0.0901
   0.0970
   0.1032
   0.1087
   0.1134
   0.1173
   0.1204
   0.1226
   0.1240
   0.1245
   0.1242
   0.1230
   0.1210
   0.1181
   0.1145
   0.1101
   0.1050
   0.0992
   0.0928
   0.0857
   0.0781
   0.0700
   0.0615
   0.0526
   0.0433
   0.0338
   0.0241
   0.0142
   0.0042
  -0.0058
  -0.0157
  -0.0256
  -0.0353
  -0.0448
  -0.0540
  -0.0630
  -0.0716
  -0.0798
  -0.0876
  -0.0949
  -0.1017
  -0.1080
  -0.1137
  -0.1189
  -0.1234
  -0.1273
  -0.1307
  -0.1334
  -0.1354
  -0.1368
  -0.1376
  -0.1378
  -0.1374
  -0.1363
  -0.1347
  -0.1325
  -0.1298
  -0.1265
  -0.1227
  -0.1185
  -0.1138
  -0.1087
  -0.1031
  -0.0972
  -0.0910
  -0.0844
  -0.0776
  -0.0705
  -0.0632
  -0.0557
  -0.0480
  -0.0402
  -0.0323
  -0.0243
  -0.0162
  -0.0081
, 