   0.0029
   0.0010
   0.0041
   0.0055
   0.0068
   0.0082
   0.0096
   0.0109
   0.0123
   0.0136
   0.0150
   0.0163
   0.0177
   0.0190
   0.0203
   0.0217
   0.0230
   0.0243
   0.0256
   0.0269
   0.0282
   0.0295
   0.0308
   0.0320
   0.0333
   0.0346
   0.0358
   0.0371
   0.0383
   0.0395
   0.0407
   0.0419
   0.0431
   0.0443
   0.0454
   0.0466
   0.0477
   0.0488
   0.0500
   0.0511
   0.0522
   0.0532
   0.0543
   0.0554
   0.0564
   0.0574
   0.0584
   0.0594
   0.0604
   0.0614
   0.0623
   0.0632
   0.0642
   0.0651
   0.0660
   0.0668
   0.0677
   0.0685
   0.0694
   0.0702
   0.0710
   0.0717
   0.0725
   0.0732
   0.0740
   0.0747
   0.0753
   0.0760
   0.0767
   0.0773
   0.0779
   0.0785
   0.0791
   0.0797
   0.0802
   0.0808
   0.0813
   0.0818
   0.0823
   0.0827
   0.0832
   0.0836
   0.0840
   0.0844
   0.0848
   0.0851
   0.0855
   0.0858
   0.0861
   0.0864
   0.0866
   0.0869
   0.0871
   0.0873
   0.0875
   0.0877
   0.0879
   0.0880
   0.0881
   0.0883
   0.0884
   0.0884
   0.0885
   0.0886
   0.0886
   0.0886
   0.0886
   0.0886
   0.0886
   0.0885
   0.0885
   0.0884
   0.0883
   0.0882
   0.0881
   0.0879
   0.0878
   0.0876
   0.0874
   0.0873
   0.0871
   0.0868
   0.0866
   0.0864
   0.0861
   0.0858
   0.0856
   0.0853
   0.0850
   0.0847
   0.0843
   0.0840
   0.0836
   0.0833
   0.0829
   0.0825
   0.0822
   0.0818
   0.0813
   0.0809
   0.0805
   0.0801
   0.0796
   0.0792
   0.0787
   0.0782
   0.0778
   0.0773
   0.0768
   0.0763
   0.0758
   0.0753
   0.0747
   0.0742
   0.0737
   0.0731
   0.0726
   0.0720
   0.0715
   0.0709
   0.0704
   0.0698
   0.0692
   0.0686
   0.0681
   0.0675
   0.0669
   0.0663
   0.0657
   0.0651
   0.0645
   0.0639
   0.0633
   0.0627
   0.0621
   0.0615
   0.0608
   0.0602
   0.0596
   0.0590
   0.0584
   0.0578
   0.0571
   0.0565
   0.0559
   0.0553
   0.0547
   0.0540
   0.0534
   0.0528
   0.0522
   0.0516
   0.0509
   0.0503
   0.0497
   0.0491
   0.0485
   0.0479
   0.0473
   0.0467
   0.0461
   0.0455
   0.0449
   0.0443
   0.0437
   0.0431
   0.0425
   0.0419
   0.0413
   0.0407
   0.0402
   0.0396
   0.0390
   0.0384
   0.0379
   0.0373
   0.0368
   0.0362
   0.0357
   0.0351
   0.0346
   0.0340
   0.0335
   0.0330
   0.0324
   0.0319
   0.0314
   0.0309
   0.0304
   0.0299
   0.0293
   0.0289
   0.0284
   0.0279
   0.0274
   0.0269
   0.0264
   0.0260
   0.0255
   0.0250
   0.0246
   0.0241
   0.0237
   0.0232
   0.0228
   0.0223
   0.0219
   0.0215
   0.0210
   0.0206
   0.0202
   0.0198
   0.0194
   0.0190
   0.0186
   0.0182
   0.0178
   0.0174
   0.0171
   0.0167
   0.0163
   0.0160
   0.0156
   0.0152
   0.0149
   0.0145
   0.0142
   0.0138
   0.0135
   0.0132
   0.0128
   0.0125
   0.0122
   0.0119
   0.0116
   0.0112
   0.0109
   0.0106
   0.0103
   0.0100
   0.0097
   0.0095
   0.0092
   0.0089
   0.0086
   0.0083
   0.0081
   0.0078
   0.0075
   0.0072
   0.0070
   0.0067
   0.0065
   0.0062
   0.0060
   0.0057
   0.0055
   0.0052
   0.0050
   0.0047
   0.0045
   0.0043
   0.0040
   0.0038
   0.0036
   0.0033
   0.0031
   0.0029
   0.0026
   0.0024
   0.0022
   0.0020
   0.0018
   0.0015
   0.0013
   0.0011
   0.0009
   0.0007
   0.0004
   0.0002
,   -0.0039
  -0.0013
  -0.0055
  -0.0073
  -0.0092
  -0.0110
  -0.0128
  -0.0146
  -0.0164
  -0.0182
  -0.0200
  -0.0217
  -0.0235
  -0.0252
  -0.0269
  -0.0286
  -0.0303
  -0.0320
  -0.0336
  -0.0352
  -0.0368
  -0.0384
  -0.0399
  -0.0415
  -0.0430
  -0.0444
  -0.0459
  -0.0473
  -0.0487
  -0.0500
  -0.0513
  -0.0526
  -0.0539
  -0.0551
  -0.0563
  -0.0574
  -0.0585
  -0.0596
  -0.0607
  -0.0617
  -0.0626
  -0.0635
  -0.0644
  -0.0653
  -0.0661
  -0.0668
  -0.0676
  -0.0682
  -0.0689
  -0.0695
  -0.0700
  -0.0705
  -0.0710
  -0.0714
  -0.0717
  -0.0721
  -0.0724
  -0.0726
  -0.0728
  -0.0729
  -0.0730
  -0.0731
  -0.0731
  -0.0731
  -0.0730
  -0.0729
  -0.0727
  -0.0725
  -0.0723
  -0.0720
  -0.0716
  -0.0713
  -0.0708
  -0.0704
  -0.0699
  -0.0693
  -0.0687
  -0.0681
  -0.0674
  -0.0667
  -0.0659
  -0.0651
  -0.0643
  -0.0634
  -0.0625
  -0.0616
  -0.0606
  -0.0596
  -0.0586
  -0.0575
  -0.0564
  -0.0552
  -0.0540
  -0.0528
  -0.0516
  -0.0503
  -0.0490
  -0.0477
  -0.0463
  -0.0449
  -0.0435
  -0.0421
  -0.0406
  -0.0392
  -0.0377
  -0.0361
  -0.0346
  -0.0330
  -0.0315
  -0.0299
  -0.0283
  -0.0266
  -0.0250
  -0.0233
  -0.0217
  -0.0200
  -0.0183
  -0.0166
  -0.0149
  -0.0132
  -0.0114
  -0.0097
  -0.0080
  -0.0062
  -0.0045
  -0.0027
  -0.0010
   0.0007
   0.0025
   0.0042
   0.0060
   0.0077
   0.0095
   0.0112
   0.0129
   0.0146
   0.0163
   0.0181
   0.0197
   0.0214
   0.0231
   0.0248
   0.0264
   0.0281
   0.0297
   0.0313
   0.0329
   0.0345
   0.0360
   0.0376
   0.0391
   0.0406
   0.0421
   0.0436
   0.0450
   0.0465
   0.0479
   0.0493
   0.0506
   0.0520
   0.0533
   0.0546
   0.0559
   0.0571
   0.0583
   0.0595
   0.0607
   0.0619
   0.0630
   0.0641
   0.0652
   0.0662
   0.0672
   0.0682
   0.0691
   0.0701
   0.0710
   0.0718
   0.0727
   0.0735
   0.0743
   0.0750
   0.0758
   0.0765
   0.0771
   0.0778
   0.0784
   0.0790
   0.0795
   0.0801
   0.0805
   0.0810
   0.0814
   0.0819
   0.0822
   0.0826
   0.0829
   0.0832
   0.0835
   0.0837
   0.0839
   0.0841
   0.0842
   0.0844
   0.0845
   0.0845
   0.0846
   0.0846
   0.0846
   0.0845
   0.0845
   0.0844
   0.0843
   0.0841
   0.0840
   0.0838
   0.0836
   0.0834
   0.0831
   0.0828
   0.0825
   0.0822
   0.0819
   0.0815
   0.0811
   0.0807
   0.0803
   0.0798
   0.0794
   0.0789
   0.0784
   0.0779
   0.0773
   0.0768
   0.0762
   0.0756
   0.0750
   0.0744
   0.0737
   0.0731
   0.0724
   0.0717
   0.0710
   0.0703
   0.0696
   0.0689
   0.0681
   0.0674
   0.0666
   0.0658
   0.0650
   0.0642
   0.0634
   0.0626
   0.0618
   0.0609
   0.0601
   0.0592
   0.0584
   0.0575
   0.0566
   0.0557
   0.0548
   0.0540
   0.0530
   0.0521
   0.0512
   0.0503
   0.0494
   0.0485
   0.0475
   0.0466
   0.0457
   0.0447
   0.0438
   0.0428
   0.0419
   0.0409
   0.0400
   0.0390
   0.0381
   0.0371
   0.0362
   0.0352
   0.0342
   0.0333
   0.0323
   0.0314
   0.0304
   0.0294
   0.0285
   0.0275
   0.0265
   0.0256
   0.0246
   0.0237
   0.0227
   0.0218
   0.0208
   0.0198
   0.0189
   0.0179
   0.0170
   0.0160
   0.0151
   0.0141
   0.0132
   0.0122
   0.0113
   0.0103
   0.0094
   0.0085
   0.0075
   0.0066
   0.0056
   0.0047
   0.0038
   0.0028
   0.0019
   0.0009
,  -5.2661e-003
 -1.7540e-003
 -7.4389e-003
 -9.9054e-003
 -1.2361e-002
 -1.4802e-002
 -1.7227e-002
 -1.9632e-002
 -2.2015e-002
 -2.4373e-002
 -2.6703e-002
 -2.9003e-002
 -3.1271e-002
 -3.3503e-002
 -3.5697e-002
 -3.7851e-002
 -3.9962e-002
 -4.2028e-002
 -4.4047e-002
 -4.6015e-002
 -4.7932e-002
 -4.9795e-002
 -5.1601e-002
 -5.3350e-002
 -5.5038e-002
 -5.6664e-002
 -5.8226e-002
 -5.9723e-002
 -6.1153e-002
 -6.2513e-002
 -6.3803e-002
 -6.5022e-002
 -6.6167e-002
 -6.7239e-002
 -6.8234e-002
 -6.9153e-002
 -6.9994e-002
 -7.0757e-002
 -7.1441e-002
 -7.2044e-002
 -7.2567e-002
 -7.3009e-002
 -7.3369e-002
 -7.3646e-002
 -7.3842e-002
 -7.3955e-002
 -7.3986e-002
 -7.3934e-002
 -7.3800e-002
 -7.3583e-002
 -7.3285e-002
 -7.2905e-002
 -7.2444e-002
 -7.1902e-002
 -7.1281e-002
 -7.0581e-002
 -6.9802e-002
 -6.8946e-002
 -6.8014e-002
 -6.7007e-002
 -6.5926e-002
 -6.4771e-002
 -6.3546e-002
 -6.2250e-002
 -6.0886e-002
 -5.9455e-002
 -5.7959e-002
 -5.6399e-002
 -5.4777e-002
 -5.3095e-002
 -5.1355e-002
 -4.9558e-002
 -4.7708e-002
 -4.5806e-002
 -4.3853e-002
 -4.1853e-002
 -3.9807e-002
 -3.7718e-002
 -3.5588e-002
 -3.3420e-002
 -3.1215e-002
 -2.8976e-002
 -2.6706e-002
 -2.4408e-002
 -2.2083e-002
 -1.9734e-002
 -1.7364e-002
 -1.4975e-002
 -1.2570e-002
 -1.0152e-002
 -7.7228e-003
 -5.2854e-003
 -2.8424e-003
 -3.9634e-004
  2.0501e-003
  4.4944e-003
  6.9340e-003
  9.3661e-003
  1.1788e-002
  1.4198e-002
  1.6593e-002
  1.8970e-002
  2.1328e-002
  2.3663e-002
  2.5973e-002
  2.8255e-002
  3.0509e-002
  3.2730e-002
  3.4917e-002
  3.7068e-002
  3.9181e-002
  4.1252e-002
  4.3281e-002
  4.5265e-002
  4.7203e-002
  4.9091e-002
  5.0930e-002
  5.2715e-002
  5.4447e-002
  5.6123e-002
  5.7742e-002
  5.9301e-002
  6.0801e-002
  6.2238e-002
  6.3612e-002
  6.4922e-002
  6.6167e-002
  6.7344e-002
  6.8454e-002
  6.9495e-002
  7.0466e-002
  7.1366e-002
  7.2196e-002
  7.2953e-002
  7.3638e-002
  7.4250e-002
  7.4788e-002
  7.5252e-002
  7.5642e-002
  7.5957e-002
  7.6198e-002
  7.6364e-002
  7.6455e-002
  7.6472e-002
  7.6414e-002
  7.6283e-002
  7.6077e-002
  7.5797e-002
  7.5445e-002
  7.5020e-002
  7.4523e-002
  7.3954e-002
  7.3315e-002
  7.2606e-002
  7.1828e-002
  7.0981e-002
  7.0068e-002
  6.9089e-002
  6.8044e-002
  6.6936e-002
  6.5764e-002
  6.4532e-002
  6.3239e-002
  6.1888e-002
  6.0479e-002
  5.9015e-002
  5.7496e-002
  5.5924e-002
  5.4301e-002
  5.2629e-002
  5.0908e-002
  4.9141e-002
  4.7330e-002
  4.5476e-002
  4.3581e-002
  4.1647e-002
  3.9675e-002
  3.7669e-002
  3.5628e-002
  3.3556e-002
  3.1455e-002
  2.9326e-002
  2.7170e-002
  2.4992e-002
  2.2791e-002
  2.0570e-002
  1.8332e-002
  1.6078e-002
  1.3810e-002
  1.1530e-002
  9.2402e-003
  6.9426e-003
  4.6390e-003
  2.3316e-003
  2.2132e-005
 -2.2873e-003
 -4.5949e-003
 -6.8986e-003
 -9.1965e-003
 -1.1487e-002
 -1.3768e-002
 -1.6037e-002
 -1.8294e-002
 -2.0535e-002
 -2.2760e-002
 -2.4966e-002
 -2.7152e-002
 -2.9317e-002
 -3.1458e-002
 -3.3573e-002
 -3.5662e-002
 -3.7723e-002
 -3.9755e-002
 -4.1755e-002
 -4.3722e-002
 -4.5655e-002
 -4.7553e-002
 -4.9415e-002
 -5.1238e-002
 -5.3022e-002
 -5.4766e-002
 -5.6469e-002
 -5.8128e-002
 -5.9744e-002
 -6.1316e-002
 -6.2842e-002
 -6.4321e-002
 -6.5753e-002
 -6.7137e-002
 -6.8471e-002
 -6.9756e-002
 -7.0991e-002
 -7.2174e-002
 -7.3306e-002
 -7.4385e-002
 -7.5412e-002
 -7.6386e-002
 -7.7306e-002
 -7.8172e-002
 -7.8984e-002
 -7.9741e-002
 -8.0444e-002
 -8.1091e-002
 -8.1684e-002
 -8.2221e-002
 -8.2703e-002
 -8.3130e-002
 -8.3502e-002
 -8.3819e-002
 -8.4080e-002
 -8.4287e-002
 -8.4439e-002
 -8.4536e-002
 -8.4579e-002
 -8.4569e-002
 -8.4505e-002
 -8.4387e-002
 -8.4217e-002
 -8.3995e-002
 -8.3721e-002
 -8.3395e-002
 -8.3019e-002
 -8.2592e-002
 -8.2115e-002
 -8.1590e-002
 -8.1016e-002
 -8.0394e-002
 -7.9726e-002
 -7.9011e-002
 -7.8250e-002
 -7.7445e-002
 -7.6596e-002
 -7.5703e-002
 -7.4768e-002
 -7.3792e-002
 -7.2774e-002
 -7.1717e-002
 -7.0621e-002
 -6.9487e-002
 -6.8316e-002
 -6.7108e-002
 -6.5866e-002
 -6.4589e-002
 -6.3278e-002
 -6.1935e-002
 -6.0560e-002
 -5.9155e-002
 -5.7721e-002
 -5.6258e-002
 -5.4767e-002
 -5.3249e-002
 -5.1706e-002
 -5.0138e-002
 -4.8547e-002
 -4.6933e-002
 -4.5296e-002
 -4.3640e-002
 -4.1963e-002
 -4.0267e-002
 -3.8554e-002
 -3.6823e-002
 -3.5077e-002
 -3.3315e-002
 -3.1539e-002
 -2.9750e-002
 -2.7948e-002
 -2.6135e-002
 -2.4311e-002
 -2.2477e-002
 -2.0634e-002
 -1.8783e-002
 -1.6925e-002
 -1.5060e-002
 -1.3190e-002
 -1.1315e-002
 -9.4351e-003
 -7.5521e-003
 -5.6664e-003
 -3.7787e-003
 -1.8897e-003
, 