   0.0637
   0.0210
   0.0887
   0.1160
   0.1415
   0.1649
   0.1857
   0.2038
   0.2189
   0.2310
   0.2399
   0.2458
   0.2487
   0.2488
   0.2462
   0.2412
   0.2340
   0.2250
   0.2145
   0.2027
   0.1900
   0.1767
   0.1630
   0.1492
   0.1355
   0.1222
   0.1092
   0.0969
   0.0853
   0.0744
   0.0642
   0.0549
   0.0464
   0.0387
   0.0316
   0.0253
   0.0194
   0.0141
   0.0092
   0.0045
,   -0.0845
  -0.0274
  -0.1147
  -0.1459
  -0.1713
  -0.1900
  -0.2014
  -0.2051
  -0.2009
  -0.1893
  -0.1707
  -0.1459
  -0.1158
  -0.0818
  -0.0449
  -0.0066
   0.0320
   0.0695
   0.1050
   0.1374
   0.1659
   0.1900
   0.2092
   0.2234
   0.2325
   0.2367
   0.2362
   0.2314
   0.2228
   0.2110
   0.1964
   0.1797
   0.1614
   0.1419
   0.1217
   0.1012
   0.0806
   0.0601
   0.0398
   0.0198
,    0.1119
   0.0355
   0.1472
   0.1800
   0.2003
   0.2068
   0.1991
   0.1778
   0.1444
   0.1012
   0.0513
  -0.0020
  -0.0552
  -0.1048
  -0.1477
  -0.1812
  -0.2035
  -0.2132
  -0.2101
  -0.1945
  -0.1676
  -0.1312
  -0.0875
  -0.0391
   0.0114
   0.0613
   0.1082
   0.1498
   0.1845
   0.2110
   0.2284
   0.2364
   0.2352
   0.2252
   0.2074
   0.1827
   0.1525
   0.1178
   0.0801
   0.0405
, 