   0.0045
   0.0015
   0.0063
   0.0084
   0.0105
   0.0126
   0.0147
   0.0168
   0.0188
   0.0209
   0.0230
   0.0250
   0.0270
   0.0290
   0.0310
   0.0330
   0.0350
   0.0370
   0.0389
   0.0408
   0.0427
   0.0446
   0.0465
   0.0483
   0.0502
   0.0520
   0.0537
   0.0555
   0.0572
   0.0589
   0.0606
   0.0622
   0.0639
   0.0654
   0.0670
   0.0685
   0.0701
   0.0715
   0.0730
   0.0744
   0.0758
   0.0771
   0.0784
   0.0797
   0.0810
   0.0822
   0.0833
   0.0845
   0.0856
   0.0867
   0.0877
   0.0887
   0.0897
   0.0906
   0.0915
   0.0924
   0.0932
   0.0940
   0.0947
   0.0955
   0.0961
   0.0968
   0.0974
   0.0980
   0.0985
   0.0990
   0.0995
   0.0999
   0.1003
   0.1006
   0.1009
   0.1012
   0.1015
   0.1017
   0.1019
   0.1020
   0.1021
   0.1022
   0.1023
   0.1023
   0.1023
   0.1022
   0.1021
   0.1020
   0.1019
   0.1017
   0.1015
   0.1013
   0.1010
   0.1007
   0.1004
   0.1001
   0.0997
   0.0993
   0.0989
   0.0985
   0.0980
   0.0975
   0.0970
   0.0965
   0.0959
   0.0953
   0.0947
   0.0941
   0.0935
   0.0928
   0.0921
   0.0914
   0.0907
   0.0900
   0.0893
   0.0885
   0.0877
   0.0869
   0.0861
   0.0853
   0.0845
   0.0837
   0.0828
   0.0819
   0.0811
   0.0802
   0.0793
   0.0784
   0.0775
   0.0766
   0.0757
   0.0748
   0.0738
   0.0729
   0.0720
   0.0710
   0.0701
   0.0691
   0.0682
   0.0672
   0.0663
   0.0653
   0.0644
   0.0634
   0.0625
   0.0615
   0.0606
   0.0596
   0.0587
   0.0577
   0.0568
   0.0558
   0.0549
   0.0540
   0.0530
   0.0521
   0.0512
   0.0503
   0.0494
   0.0485
   0.0476
   0.0467
   0.0458
   0.0449
   0.0440
   0.0432
   0.0423
   0.0415
   0.0406
   0.0398
   0.0389
   0.0381
   0.0373
   0.0365
   0.0357
   0.0349
   0.0342
   0.0334
   0.0326
   0.0319
   0.0311
   0.0304
   0.0297
   0.0290
   0.0283
   0.0276
   0.0269
   0.0262
   0.0255
   0.0249
   0.0242
   0.0236
   0.0229
   0.0223
   0.0217
   0.0211
   0.0205
   0.0199
   0.0193
   0.0188
   0.0182
   0.0177
   0.0171
   0.0166
   0.0160
   0.0155
   0.0150
   0.0145
   0.0140
   0.0135
   0.0131
   0.0126
   0.0121
   0.0117
   0.0112
   0.0108
   0.0103
   0.0099
   0.0095
   0.0091
   0.0086
   0.0082
   0.0078
   0.0074
   0.0070
   0.0067
   0.0063
   0.0059
   0.0055
   0.0052
   0.0048
   0.0044
   0.0041
   0.0037
   0.0034
   0.0030
   0.0027
   0.0024
   0.0020
   0.0017
   0.0013
   0.0010
   0.0007
   0.0003
,   -0.0060
  -0.0020
  -0.0085
  -0.0113
  -0.0141
  -0.0168
  -0.0196
  -0.0223
  -0.0251
  -0.0277
  -0.0304
  -0.0330
  -0.0356
  -0.0381
  -0.0406
  -0.0431
  -0.0455
  -0.0478
  -0.0501
  -0.0524
  -0.0545
  -0.0567
  -0.0587
  -0.0607
  -0.0626
  -0.0645
  -0.0663
  -0.0680
  -0.0696
  -0.0711
  -0.0726
  -0.0740
  -0.0753
  -0.0765
  -0.0777
  -0.0787
  -0.0797
  -0.0806
  -0.0814
  -0.0820
  -0.0827
  -0.0832
  -0.0836
  -0.0839
  -0.0842
  -0.0843
  -0.0844
  -0.0844
  -0.0842
  -0.0840
  -0.0837
  -0.0833
  -0.0828
  -0.0823
  -0.0816
  -0.0809
  -0.0800
  -0.0791
  -0.0781
  -0.0770
  -0.0759
  -0.0746
  -0.0733
  -0.0719
  -0.0704
  -0.0689
  -0.0672
  -0.0656
  -0.0638
  -0.0620
  -0.0601
  -0.0582
  -0.0562
  -0.0541
  -0.0520
  -0.0498
  -0.0476
  -0.0453
  -0.0430
  -0.0407
  -0.0383
  -0.0358
  -0.0334
  -0.0309
  -0.0284
  -0.0258
  -0.0232
  -0.0206
  -0.0180
  -0.0154
  -0.0127
  -0.0100
  -0.0074
  -0.0047
  -0.0020
   0.0007
   0.0034
   0.0061
   0.0087
   0.0114
   0.0141
   0.0167
   0.0193
   0.0220
   0.0246
   0.0271
   0.0297
   0.0322
   0.0347
   0.0372
   0.0396
   0.0420
   0.0444
   0.0467
   0.0490
   0.0513
   0.0535
   0.0556
   0.0578
   0.0598
   0.0619
   0.0638
   0.0658
   0.0677
   0.0695
   0.0713
   0.0730
   0.0746
   0.0763
   0.0778
   0.0793
   0.0808
   0.0821
   0.0835
   0.0847
   0.0859
   0.0871
   0.0882
   0.0892
   0.0902
   0.0911
   0.0919
   0.0927
   0.0934
   0.0941
   0.0947
   0.0953
   0.0958
   0.0962
   0.0966
   0.0969
   0.0971
   0.0973
   0.0975
   0.0976
   0.0976
   0.0976
   0.0975
   0.0974
   0.0972
   0.0970
   0.0968
   0.0964
   0.0961
   0.0957
   0.0952
   0.0947
   0.0941
   0.0935
   0.0929
   0.0922
   0.0915
   0.0908
   0.0900
   0.0891
   0.0883
   0.0874
   0.0864
   0.0855
   0.0845
   0.0835
   0.0824
   0.0813
   0.0802
   0.0791
   0.0779
   0.0767
   0.0755
   0.0743
   0.0731
   0.0718
   0.0705
   0.0692
   0.0679
   0.0666
   0.0652
   0.0639
   0.0625
   0.0611
   0.0597
   0.0583
   0.0569
   0.0555
   0.0540
   0.0526
   0.0511
   0.0497
   0.0482
   0.0468
   0.0453
   0.0438
   0.0424
   0.0409
   0.0394
   0.0379
   0.0365
   0.0350
   0.0335
   0.0320
   0.0306
   0.0291
   0.0276
   0.0261
   0.0247
   0.0232
   0.0217
   0.0203
   0.0188
   0.0174
   0.0159
   0.0144
   0.0130
   0.0115
   0.0101
   0.0086
   0.0072
   0.0058
   0.0043
   0.0029
   0.0014
,    0.0081
   0.0027
   0.0114
   0.0152
   0.0189
   0.0226
   0.0263
   0.0299
   0.0334
   0.0369
   0.0403
   0.0436
   0.0469
   0.0500
   0.0531
   0.0560
   0.0588
   0.0615
   0.0641
   0.0666
   0.0689
   0.0711
   0.0731
   0.0750
   0.0767
   0.0783
   0.0798
   0.0810
   0.0822
   0.0831
   0.0839
   0.0845
   0.0850
   0.0853
   0.0854
   0.0853
   0.0851
   0.0847
   0.0842
   0.0834
   0.0825
   0.0815
   0.0803
   0.0789
   0.0774
   0.0757
   0.0739
   0.0719
   0.0698
   0.0676
   0.0652
   0.0627
   0.0601
   0.0573
   0.0545
   0.0515
   0.0484
   0.0453
   0.0421
   0.0387
   0.0353
   0.0319
   0.0284
   0.0248
   0.0211
   0.0175
   0.0138
   0.0101
   0.0063
   0.0026
  -0.0012
  -0.0050
  -0.0087
  -0.0124
  -0.0162
  -0.0198
  -0.0235
  -0.0271
  -0.0306
  -0.0341
  -0.0375
  -0.0409
  -0.0442
  -0.0474
  -0.0505
  -0.0535
  -0.0564
  -0.0593
  -0.0620
  -0.0646
  -0.0671
  -0.0694
  -0.0717
  -0.0738
  -0.0757
  -0.0776
  -0.0793
  -0.0808
  -0.0822
  -0.0835
  -0.0846
  -0.0856
  -0.0864
  -0.0871
  -0.0876
  -0.0880
  -0.0882
  -0.0883
  -0.0882
  -0.0879
  -0.0875
  -0.0870
  -0.0863
  -0.0854
  -0.0844
  -0.0833
  -0.0820
  -0.0806
  -0.0791
  -0.0774
  -0.0756
  -0.0737
  -0.0716
  -0.0695
  -0.0672
  -0.0648
  -0.0623
  -0.0597
  -0.0570
  -0.0542
  -0.0513
  -0.0484
  -0.0453
  -0.0422
  -0.0391
  -0.0358
  -0.0326
  -0.0292
  -0.0258
  -0.0224
  -0.0190
  -0.0155
  -0.0120
  -0.0084
  -0.0049
  -0.0013
   0.0022
   0.0058
   0.0093
   0.0128
   0.0163
   0.0198
   0.0233
   0.0267
   0.0301
   0.0334
   0.0367
   0.0399
   0.0431
   0.0462
   0.0493
   0.0523
   0.0552
   0.0581
   0.0608
   0.0635
   0.0661
   0.0686
   0.0710
   0.0733
   0.0756
   0.0777
   0.0797
   0.0817
   0.0835
   0.0852
   0.0868
   0.0883
   0.0897
   0.0910
   0.0921
   0.0932
   0.0941
   0.0950
   0.0957
   0.0963
   0.0968
   0.0972
   0.0974
   0.0976
   0.0976
   0.0976
   0.0974
   0.0971
   0.0967
   0.0962
   0.0956
   0.0949
   0.0941
   0.0932
   0.0922
   0.0911
   0.0899
   0.0887
   0.0873
   0.0858
   0.0843
   0.0827
   0.0810
   0.0792
   0.0774
   0.0754
   0.0734
   0.0714
   0.0693
   0.0671
   0.0648
   0.0625
   0.0602
   0.0578
   0.0553
   0.0528
   0.0503
   0.0477
   0.0451
   0.0424
   0.0397
   0.0370
   0.0343
   0.0315
   0.0287
   0.0259
   0.0231
   0.0202
   0.0174
   0.0145
   0.0116
   0.0087
   0.0058
   0.0029
, 