   0.0059
   0.0020
   0.0083
   0.0110
   0.0138
   0.0165
   0.0193
   0.0220
   0.0247
   0.0274
   0.0300
   0.0327
   0.0353
   0.0379
   0.0405
   0.0430
   0.0455
   0.0480
   0.0505
   0.0529
   0.0553
   0.0576
   0.0600
   0.0622
   0.0645
   0.0667
   0.0688
   0.0709
   0.0730
   0.0750
   0.0770
   0.0789
   0.0808
   0.0826
   0.0844
   0.0861
   0.0878
   0.0894
   0.0910
   0.0925
   0.0940
   0.0954
   0.0967
   0.0980
   0.0992
   0.1004
   0.1015
   0.1026
   0.1036
   0.1045
   0.1054
   0.1062
   0.1070
   0.1077
   0.1084
   0.1090
   0.1095
   0.1100
   0.1105
   0.1108
   0.1112
   0.1114
   0.1117
   0.1118
   0.1119
   0.1120
   0.1120
   0.1120
   0.1119
   0.1117
   0.1116
   0.1113
   0.1110
   0.1107
   0.1103
   0.1099
   0.1095
   0.1090
   0.1084
   0.1079
   0.1073
   0.1066
   0.1059
   0.1052
   0.1044
   0.1036
   0.1028
   0.1020
   0.1011
   0.1002
   0.0992
   0.0983
   0.0973
   0.0963
   0.0953
   0.0942
   0.0931
   0.0920
   0.0909
   0.0898
   0.0887
   0.0875
   0.0863
   0.0852
   0.0840
   0.0828
   0.0815
   0.0803
   0.0791
   0.0779
   0.0766
   0.0754
   0.0741
   0.0729
   0.0716
   0.0704
   0.0691
   0.0679
   0.0666
   0.0654
   0.0641
   0.0629
   0.0616
   0.0604
   0.0592
   0.0580
   0.0567
   0.0555
   0.0543
   0.0531
   0.0520
   0.0508
   0.0496
   0.0485
   0.0473
   0.0462
   0.0451
   0.0440
   0.0429
   0.0418
   0.0408
   0.0397
   0.0387
   0.0376
   0.0366
   0.0356
   0.0347
   0.0337
   0.0327
   0.0318
   0.0309
   0.0299
   0.0291
   0.0282
   0.0273
   0.0264
   0.0256
   0.0248
   0.0240
   0.0232
   0.0224
   0.0216
   0.0209
   0.0201
   0.0194
   0.0187
   0.0180
   0.0173
   0.0166
   0.0160
   0.0153
   0.0147
   0.0140
   0.0134
   0.0128
   0.0122
   0.0117
   0.0111
   0.0105
   0.0100
   0.0094
   0.0089
   0.0084
   0.0079
   0.0074
   0.0069
   0.0064
   0.0059
   0.0054
   0.0049
   0.0045
   0.0040
   0.0035
   0.0031
   0.0026
   0.0022
   0.0018
   0.0013
   0.0009
   0.0004
,   -0.0079
  -0.0026
  -0.0111
  -0.0148
  -0.0184
  -0.0221
  -0.0256
  -0.0292
  -0.0327
  -0.0361
  -0.0395
  -0.0428
  -0.0461
  -0.0492
  -0.0523
  -0.0554
  -0.0583
  -0.0611
  -0.0638
  -0.0664
  -0.0690
  -0.0714
  -0.0737
  -0.0758
  -0.0779
  -0.0798
  -0.0816
  -0.0833
  -0.0848
  -0.0862
  -0.0874
  -0.0886
  -0.0895
  -0.0904
  -0.0911
  -0.0916
  -0.0920
  -0.0923
  -0.0924
  -0.0924
  -0.0922
  -0.0919
  -0.0914
  -0.0908
  -0.0901
  -0.0892
  -0.0882
  -0.0871
  -0.0858
  -0.0844
  -0.0828
  -0.0812
  -0.0794
  -0.0775
  -0.0755
  -0.0733
  -0.0711
  -0.0688
  -0.0663
  -0.0638
  -0.0611
  -0.0584
  -0.0556
  -0.0527
  -0.0497
  -0.0467
  -0.0436
  -0.0404
  -0.0372
  -0.0339
  -0.0306
  -0.0273
  -0.0239
  -0.0204
  -0.0170
  -0.0135
  -0.0100
  -0.0065
  -0.0029
   0.0006
   0.0041
   0.0076
   0.0112
   0.0147
   0.0181
   0.0216
   0.0250
   0.0284
   0.0318
   0.0351
   0.0384
   0.0416
   0.0448
   0.0479
   0.0510
   0.0540
   0.0569
   0.0598
   0.0626
   0.0654
   0.0680
   0.0706
   0.0731
   0.0756
   0.0779
   0.0802
   0.0823
   0.0844
   0.0864
   0.0883
   0.0901
   0.0919
   0.0935
   0.0950
   0.0965
   0.0978
   0.0991
   0.1002
   0.1013
   0.1023
   0.1031
   0.1039
   0.1046
   0.1052
   0.1057
   0.1061
   0.1064
   0.1067
   0.1068
   0.1069
   0.1069
   0.1068
   0.1066
   0.1063
   0.1060
   0.1056
   0.1051
   0.1045
   0.1039
   0.1031
   0.1024
   0.1015
   0.1006
   0.0996
   0.0986
   0.0975
   0.0964
   0.0952
   0.0939
   0.0926
   0.0913
   0.0899
   0.0885
   0.0870
   0.0855
   0.0839
   0.0823
   0.0807
   0.0791
   0.0774
   0.0757
   0.0740
   0.0722
   0.0704
   0.0686
   0.0668
   0.0650
   0.0631
   0.0612
   0.0594
   0.0575
   0.0556
   0.0537
   0.0518
   0.0498
   0.0479
   0.0460
   0.0440
   0.0421
   0.0402
   0.0382
   0.0363
   0.0344
   0.0324
   0.0305
   0.0286
   0.0266
   0.0247
   0.0228
   0.0209
   0.0190
   0.0171
   0.0152
   0.0132
   0.0113
   0.0095
   0.0076
   0.0057
   0.0038
   0.0019
,    0.0106
   0.0035
   0.0150
   0.0199
   0.0248
   0.0296
   0.0343
   0.0389
   0.0434
   0.0478
   0.0520
   0.0561
   0.0600
   0.0638
   0.0673
   0.0707
   0.0739
   0.0768
   0.0796
   0.0821
   0.0844
   0.0864
   0.0882
   0.0897
   0.0910
   0.0920
   0.0928
   0.0932
   0.0935
   0.0934
   0.0931
   0.0925
   0.0917
   0.0906
   0.0893
   0.0877
   0.0858
   0.0837
   0.0814
   0.0788
   0.0760
   0.0730
   0.0698
   0.0664
   0.0629
   0.0591
   0.0552
   0.0511
   0.0469
   0.0426
   0.0381
   0.0335
   0.0289
   0.0241
   0.0193
   0.0145
   0.0096
   0.0046
  -0.0003
  -0.0052
  -0.0102
  -0.0151
  -0.0199
  -0.0247
  -0.0295
  -0.0341
  -0.0387
  -0.0431
  -0.0475
  -0.0517
  -0.0558
  -0.0597
  -0.0635
  -0.0671
  -0.0705
  -0.0738
  -0.0769
  -0.0797
  -0.0824
  -0.0848
  -0.0870
  -0.0890
  -0.0908
  -0.0924
  -0.0937
  -0.0947
  -0.0956
  -0.0962
  -0.0965
  -0.0966
  -0.0965
  -0.0961
  -0.0955
  -0.0947
  -0.0936
  -0.0923
  -0.0908
  -0.0890
  -0.0871
  -0.0849
  -0.0825
  -0.0800
  -0.0772
  -0.0743
  -0.0712
  -0.0679
  -0.0644
  -0.0608
  -0.0571
  -0.0533
  -0.0493
  -0.0452
  -0.0410
  -0.0367
  -0.0323
  -0.0279
  -0.0234
  -0.0188
  -0.0142
  -0.0096
  -0.0049
  -0.0003
   0.0044
   0.0090
   0.0137
   0.0183
   0.0228
   0.0274
   0.0318
   0.0362
   0.0405
   0.0448
   0.0489
   0.0530
   0.0569
   0.0608
   0.0645
   0.0681
   0.0715
   0.0748
   0.0780
   0.0810
   0.0839
   0.0866
   0.0892
   0.0916
   0.0938
   0.0959
   0.0977
   0.0995
   0.1010
   0.1024
   0.1035
   0.1045
   0.1054
   0.1060
   0.1065
   0.1068
   0.1069
   0.1069
   0.1066
   0.1062
   0.1057
   0.1049
   0.1041
   0.1030
   0.1018
   0.1005
   0.0989
   0.0973
   0.0955
   0.0936
   0.0915
   0.0894
   0.0871
   0.0846
   0.0821
   0.0794
   0.0767
   0.0739
   0.0709
   0.0679
   0.0648
   0.0616
   0.0583
   0.0550
   0.0516
   0.0481
   0.0446
   0.0411
   0.0375
   0.0338
   0.0302
   0.0265
   0.0227
   0.0190
   0.0152
   0.0114
   0.0076
   0.0038
, 