   4.8472e-02
   1.6037e-02
   6.7785e-02
   8.9202e-02
   1.0963e-01
   1.2887e-01
   1.4671e-01
   1.6299e-01
   1.7758e-01
   1.9035e-01
   2.0123e-01
   2.1017e-01
   2.1715e-01
   2.2218e-01
   2.2530e-01
   2.2658e-01
   2.2610e-01
   2.2398e-01
   2.2034e-01
   2.1533e-01
   2.0910e-01
   2.0181e-01
   1.9362e-01
   1.8470e-01
   1.7520e-01
   1.6529e-01
   1.5510e-01
   1.4479e-01
   1.3446e-01
   1.2424e-01
   1.1423e-01
   1.0451e-01
   9.5151e-02
   8.6218e-02
   7.7754e-02
   6.9793e-02
   6.2357e-02
   5.5456e-02
   4.9095e-02
   4.3266e-02
   3.7959e-02
   3.3153e-02
   2.8828e-02
   2.4956e-02
   2.1510e-02
   1.8459e-02
   1.5772e-02
   1.3417e-02
   1.1365e-02
   9.5860e-03
   8.0507e-03
   6.7326e-03
   5.6064e-03
   4.6489e-03
   3.8387e-03
   3.1564e-03
   2.5845e-03
   2.1074e-03
   1.7112e-03
   1.3837e-03
   1.1143e-03
   8.9359e-04
   7.1366e-04
   5.6762e-04
   4.4961e-04
   3.5467e-04
   2.7864e-04
   2.1801e-04
   1.6988e-04
   1.3183e-04
   1.0189e-04
   7.8435e-05
   6.0132e-05
   4.5914e-05
   3.4916e-05
   2.6446e-05
   1.9949e-05
   1.4988e-05
   1.1216e-05
   8.3592e-06
   6.2051e-06
   4.5877e-06
   3.3784e-06
   2.4779e-06
   1.8101e-06
   1.3171e-06
   9.5452e-07
   6.8902e-07
   4.9540e-07
   3.5478e-07
   2.5308e-07
   1.7981e-07
   1.2726e-07
   8.9705e-08
   6.2978e-08
   4.4034e-08
   3.0668e-08
   2.1273e-08
   1.4692e-08
   1.0109e-08
   6.9324e-09
   4.7349e-09
   3.2214e-09
   2.1922e-09
   1.4831e-09
   1.0036e-09
   6.7460e-10
   4.4940e-10
   2.9835e-10
   1.9653e-10
   1.2618e-10
   7.8036e-11
   4.8604e-11
   2.6557e-11
   1.0515e-11
   3.2021e-12
   2.5469e-12
  -1.7984e-12
  -5.8817e-13
   4.9738e-12
   7.0817e-12
   1.2296e-11
   1.5812e-11
   2.3639e-11
   2.6257e-11
   2.9562e-11
   3.2713e-11
   3.1757e-11
   2.7529e-11
   2.4108e-11
   1.8407e-11
   1.1599e-11
   9.4861e-12
   1.0240e-12
  -4.8522e-12
  -8.3410e-12
  -1.0658e-11
  -1.3624e-11
  -1.5547e-11
  -1.0366e-11
  -1.1612e-11
  -1.2299e-11
  -7.8017e-12
  -5.3084e-12
  -6.1868e-12
  -6.0633e-12
  -3.9057e-12
  -6.6018e-12
  -5.3732e-12
  -4.7077e-12
  -7.0779e-12
  -6.5007e-12
  -7.6152e-12
  -8.0306e-12
  -1.0056e-11
  -6.9947e-12
  -3.9005e-12
  -6.5610e-12
  -2.9242e-12
  -3.0156e-13
,   -5.9382e-02
  -1.9441e-02
  -8.1754e-02
  -1.0561e-01
  -1.2668e-01
  -1.4442e-01
  -1.5839e-01
  -1.6825e-01
  -1.7378e-01
  -1.7487e-01
  -1.7154e-01
  -1.6392e-01
  -1.5226e-01
  -1.3690e-01
  -1.1827e-01
  -9.6853e-02
  -7.3202e-02
  -4.7897e-02
  -2.1533e-02
   5.2951e-03
   3.2012e-02
   5.8076e-02
   8.2991e-02
   1.0632e-01
   1.2769e-01
   1.4679e-01
   1.6341e-01
   1.7738e-01
   1.8862e-01
   1.9712e-01
   2.0292e-01
   2.0613e-01
   2.0690e-01
   2.0541e-01
   2.0190e-01
   1.9660e-01
   1.8976e-01
   1.8164e-01
   1.7250e-01
   1.6259e-01
   1.5214e-01
   1.4138e-01
   1.3049e-01
   1.1966e-01
   1.0904e-01
   9.8739e-02
   8.8876e-02
   7.9527e-02
   7.0751e-02
   6.2586e-02
   5.5056e-02
   4.8166e-02
   4.1911e-02
   3.6275e-02
   3.1232e-02
   2.6750e-02
   2.2795e-02
   1.9326e-02
   1.6302e-02
   1.3684e-02
   1.1430e-02
   9.5000e-03
   7.8580e-03
   6.4687e-03
   5.2996e-03
   4.3213e-03
   3.5071e-03
   2.8330e-03
   2.2779e-03
   1.8231e-03
   1.4524e-03
   1.1518e-03
   9.0929e-04
   7.1459e-04
   5.5906e-04
   4.3543e-04
   3.3763e-04
   2.6063e-04
   2.0030e-04
   1.5326e-04
   1.1676e-04
   8.8558e-05
   6.6877e-05
   5.0285e-05
   3.7646e-05
   2.8062e-05
   2.0829e-05
   1.5393e-05
   1.1328e-05
   8.3003e-06
   6.0562e-06
   4.4001e-06
   3.1834e-06
   2.2934e-06
   1.6452e-06
   1.1753e-06
   8.3611e-07
   5.9231e-07
   4.1785e-07
   2.9354e-07
   2.0536e-07
   1.4308e-07
   9.9275e-08
   6.8590e-08
   4.7198e-08
   3.2349e-08
   2.2077e-08
   1.5004e-08
   1.0151e-08
   6.8409e-09
   4.5957e-09
   3.0802e-09
   2.0520e-09
   1.3696e-09
   9.1132e-10
   6.0594e-10
   3.9962e-10
   2.6400e-10
   1.7141e-10
   1.0079e-10
   6.6061e-11
   4.1532e-11
   1.8416e-11
   2.9654e-13
  -4.8987e-12
  -1.0647e-11
  -1.1798e-11
  -6.2718e-12
  -8.1762e-12
  -9.1141e-12
  -6.9329e-12
  -7.3069e-12
  -2.6114e-12
  -6.8522e-12
  -5.7317e-12
  -2.9237e-12
  -6.4490e-12
  -5.2071e-12
  -6.8597e-12
  -1.0643e-11
  -1.0585e-11
  -6.2484e-12
  -1.9885e-12
  -4.8259e-12
  -4.9260e-12
  -1.0863e-12
   4.4812e-12
   6.2421e-12
   6.5203e-12
   9.3334e-12
   5.3633e-12
   6.8804e-12
   1.1758e-11
   1.5930e-11
   1.4465e-11
   8.8103e-12
   7.5524e-12
   5.4166e-12
   5.8210e-12
   3.0505e-12
,    6.6140e-02
   2.1422e-02
   8.9618e-02
   1.1357e-01
   1.3278e-01
   1.4647e-01
   1.5407e-01
   1.5530e-01
   1.5014e-01
   1.3884e-01
   1.2190e-01
   1.0003e-01
   7.4161e-02
   4.5346e-02
   1.4749e-02
  -1.6423e-02
  -4.6962e-02
  -7.5718e-02
  -1.0164e-01
  -1.2380e-01
  -1.4146e-01
  -1.5405e-01
  -1.6123e-01
  -1.6285e-01
  -1.5896e-01
  -1.4980e-01
  -1.3580e-01
  -1.1751e-01
  -9.5610e-02
  -7.0844e-02
  -4.4020e-02
  -1.5956e-02
   1.2542e-02
   4.0711e-02
   6.7851e-02
   9.3345e-02
   1.1667e-01
   1.3742e-01
   1.5528e-01
   1.7006e-01
   1.8166e-01
   1.9009e-01
   1.9543e-01
   1.9784e-01
   1.9755e-01
   1.9482e-01
   1.8994e-01
   1.8324e-01
   1.7504e-01
   1.6567e-01
   1.5542e-01
   1.4459e-01
   1.3344e-01
   1.2221e-01
   1.1109e-01
   1.0027e-01
   8.9869e-02
   8.0007e-02
   7.0760e-02
   6.2181e-02
   5.4300e-02
   4.7127e-02
   4.0656e-02
   3.4866e-02
   2.9727e-02
   2.5201e-02
   2.1243e-02
   1.7808e-02
   1.4846e-02
   1.2310e-02
   1.0153e-02
   8.3297e-03
   6.7980e-03
   5.5192e-03
   4.4580e-03
   3.5826e-03
   2.8646e-03
   2.2790e-03
   1.8042e-03
   1.4213e-03
   1.1142e-03
   8.6917e-04
   6.7479e-04
   5.2137e-04
   4.0092e-04
   3.0684e-04
   2.3373e-04
   1.7721e-04
   1.3373e-04
   1.0046e-04
   7.5111e-05
   5.5904e-05
   4.1418e-05
   3.0546e-05
   2.2427e-05
   1.6391e-05
   1.1926e-05
   8.6386e-06
   6.2294e-06
   4.4722e-06
   3.1965e-06
   2.2746e-06
   1.6115e-06
   1.1367e-06
   7.9833e-07
   5.5823e-07
   3.8864e-07
   2.6940e-07
   1.8594e-07
   1.2778e-07
   8.7429e-08
   5.9558e-08
   4.0397e-08
   2.7280e-08
   1.8346e-08
   1.2289e-08
   8.2040e-09
   5.4599e-09
   3.6170e-09
   2.3883e-09
   1.5737e-09
   1.0303e-09
   6.7462e-10
   4.3794e-10
   2.8514e-10
   1.8589e-10
   1.1823e-10
   7.4448e-11
   4.7490e-11
   2.7536e-11
   1.9286e-11
   1.7738e-11
   2.2665e-11
   2.5860e-11
   2.4904e-11
   2.5019e-11
   2.2329e-11
   2.0323e-11
   1.4426e-11
   8.8121e-12
   6.9784e-12
   4.0702e-12
   4.7832e-13
   1.6828e-12
  -1.6137e-12
  -6.5557e-12
  -1.0501e-11
  -1.7505e-11
  -1.4722e-11
  -1.3375e-11
  -1.4899e-11
  -9.6251e-12
  -6.2753e-12
  -3.9688e-12
  -3.4433e-12
  -7.7864e-12
  -8.4867e-12
  -7.1891e-12
  -7.7632e-12
  -4.1088e-12
, 