   1.3217e-01
   4.2797e-02
   1.7899e-01
   2.2682e-01
   2.6548e-01
   2.9388e-01
   3.1155e-01
   3.1869e-01
   3.1608e-01
   3.0494e-01
   2.8685e-01
   2.6354e-01
   2.3679e-01
   2.0829e-01
   1.7950e-01
   1.5167e-01
   1.2570e-01
   1.0224e-01
   8.1637e-02
   6.4015e-02
   4.9309e-02
   3.7318e-02
   2.7756e-02
   2.0292e-02
   1.4584e-02
   1.0307e-02
   7.1624e-03
   4.8953e-03
   3.2910e-03
   2.1764e-03
   1.4160e-03
   9.0648e-04
   5.7099e-04
   3.5394e-04
   2.1592e-04
   1.2965e-04
   7.6619e-05
   4.4573e-05
   2.5527e-05
   1.4392e-05
   7.9891e-06
   4.3665e-06
   2.3499e-06
   1.2454e-06
   6.4995e-07
   3.3409e-07
   1.6913e-07
   8.4308e-08
   4.1392e-08
   2.0030e-08
   9.5541e-09
   4.4873e-09
   2.0760e-09
   9.5162e-10
   4.2851e-10
   1.7883e-10
   6.5887e-11
   2.4697e-11
   1.7471e-11
   2.2643e-11
   2.3089e-11
   1.1297e-11
  -7.9501e-12
  -2.0338e-11
  -1.4483e-11
  -3.6415e-12
  -5.3852e-12
  -5.9188e-12
   1.1652e-11
   2.9953e-11
   2.3579e-11
  -3.2313e-12
  -2.4787e-11
  -2.8358e-11
  -2.6496e-11
  -3.2623e-11
  -3.9458e-11
  -3.3449e-11
  -1.7313e-11
  -4.5873e-12
,   -1.5988e-01
  -4.9528e-02
  -2.0294e-01
  -2.3719e-01
  -2.4762e-01
  -2.3362e-01
  -1.9707e-01
  -1.4204e-01
  -7.4125e-02
   2.3265e-04
   7.4571e-02
   1.4308e-01
   2.0113e-01
   2.4562e-01
   2.7504e-01
   2.8941e-01
   2.8997e-01
   2.7891e-01
   2.5891e-01
   2.3283e-01
   2.0337e-01
   1.7292e-01
   1.4333e-01
   1.1598e-01
   9.1709e-02
   7.0923e-02
   5.3682e-02
   3.9793e-02
   2.8903e-02
   2.0580e-02
   1.4371e-02
   9.8448e-03
   6.6186e-03
   4.3679e-03
   2.8304e-03
   1.8013e-03
   1.1262e-03
   6.9174e-04
   4.1755e-04
   2.4773e-04
   1.4448e-04
   8.2847e-05
   4.6712e-05
   2.5902e-05
   1.4126e-05
   7.5785e-06
   3.9998e-06
   2.0770e-06
   1.0613e-06
   5.3365e-07
   2.6411e-07
   1.2868e-07
   6.1712e-08
   2.9170e-08
   1.3549e-08
   6.1982e-09
   2.7901e-09
   1.2678e-09
   5.5420e-10
   2.3969e-10
   1.0534e-10
   3.5729e-11
   2.4442e-11
   1.6152e-12
  -3.7529e-12
  -1.4922e-11
  -5.7136e-12
   3.3039e-11
   1.9949e-11
  -8.7130e-12
  -2.7763e-11
  -2.8647e-11
  -6.3743e-12
  -2.2166e-12
   1.3051e-11
   3.2002e-11
   9.7625e-12
  -2.3781e-12
   8.2587e-12
   4.6801e-12
,    1.7497e-01
   5.1637e-02
   2.0718e-01
   2.2057e-01
   1.9851e-01
   1.4489e-01
   6.8541e-02
  -1.8369e-02
  -1.0251e-01
  -1.7154e-01
  -2.1603e-01
  -2.3059e-01
  -2.1439e-01
  -1.7080e-01
  -1.0644e-01
  -2.9819e-02
   5.0017e-02
   1.2483e-01
   1.8811e-01
   2.3563e-01
   2.6552e-01
   2.7808e-01
   2.7528e-01
   2.6016e-01
   2.3625e-01
   2.0707e-01
   1.7575e-01
   1.4481e-01
   1.1604e-01
   9.0579e-02
   6.8959e-02
   5.1256e-02
   3.7228e-02
   2.6441e-02
   1.8376e-02
   1.2504e-02
   8.3346e-03
   5.4441e-03
   3.4862e-03
   2.1894e-03
   1.3489e-03
   8.1551e-04
   4.8396e-04
   2.8197e-04
   1.6134e-04
   9.0673e-05
   5.0064e-05
   2.7162e-05
   1.4483e-05
   7.5904e-06
   3.9109e-06
   1.9813e-06
   9.8708e-07
   4.8365e-07
   2.3310e-07
   1.1051e-07
   5.1553e-08
   2.3670e-08
   1.0690e-08
   4.7475e-09
   2.0770e-09
   8.9805e-10
   3.8048e-10
   1.5916e-10
   6.7117e-11
   2.4330e-11
   9.5534e-12
   9.0955e-12
   4.4697e-12
  -4.8970e-12
  -4.0070e-12
   3.0208e-12
   1.6478e-12
  -9.3966e-13
   7.2484e-13
  -3.6940e-13
  -2.7359e-12
  -1.1375e-12
   3.2074e-12
   4.5473e-12
, 