  7.5542e-003
  2.5165e-003
  1.0673e-002
  1.4215e-002
  1.7744e-002
  2.1256e-002
  2.4748e-002
  2.8217e-002
  3.1659e-002
  3.5071e-002
  3.8451e-002
  4.1795e-002
  4.5100e-002
  4.8363e-002
  5.1581e-002
  5.4751e-002
  5.7871e-002
  6.0938e-002
  6.3949e-002
  6.6902e-002
  6.9795e-002
  7.2624e-002
  7.5388e-002
  7.8084e-002
  8.0711e-002
  8.3267e-002
  8.5749e-002
  8.8156e-002
  9.0487e-002
  9.2739e-002
  9.4912e-002
  9.7004e-002
  9.9014e-002
  1.0094e-001
  1.0278e-001
  1.0454e-001
  1.0621e-001
  1.0780e-001
  1.0930e-001
  1.1071e-001
  1.1203e-001
  1.1327e-001
  1.1442e-001
  1.1548e-001
  1.1646e-001
  1.1734e-001
  1.1815e-001
  1.1886e-001
  1.1949e-001
  1.2004e-001
  1.2050e-001
  1.2087e-001
  1.2117e-001
  1.2138e-001
  1.2152e-001
  1.2157e-001
  1.2155e-001
  1.2146e-001
  1.2128e-001
  1.2104e-001
  1.2072e-001
  1.2034e-001
  1.1988e-001
  1.1936e-001
  1.1878e-001
  1.1813e-001
  1.1742e-001
  1.1665e-001
  1.1583e-001
  1.1495e-001
  1.1402e-001
  1.1304e-001
  1.1201e-001
  1.1093e-001
  1.0981e-001
  1.0864e-001
  1.0744e-001
  1.0619e-001
  1.0491e-001
  1.0360e-001
  1.0225e-001
  1.0088e-001
  9.9474e-002
  9.8044e-002
  9.6590e-002
  9.5115e-002
  9.3620e-002
  9.2106e-002
  9.0577e-002
  8.9034e-002
  8.7478e-002
  8.5912e-002
  8.4336e-002
  8.2754e-002
  8.1167e-002
  7.9576e-002
  7.7983e-002
  7.6389e-002
  7.4796e-002
  7.3206e-002
  7.1620e-002
  7.0038e-002
  6.8464e-002
  6.6897e-002
  6.5339e-002
  6.3792e-002
  6.2255e-002
  6.0731e-002
  5.9221e-002
  5.7725e-002
  5.6244e-002
  5.4779e-002
  5.3331e-002
  5.1901e-002
  5.0489e-002
  4.9096e-002
  4.7723e-002
  4.6370e-002
  4.5038e-002
  4.3727e-002
  4.2438e-002
  4.1171e-002
  3.9927e-002
  3.8705e-002
  3.7506e-002
  3.6331e-002
  3.5179e-002
  3.4050e-002
  3.2945e-002
  3.1864e-002
  3.0807e-002
  2.9774e-002
  2.8764e-002
  2.7778e-002
  2.6816e-002
  2.5878e-002
  2.4963e-002
  2.4072e-002
  2.3204e-002
  2.2359e-002
  2.1537e-002
  2.0737e-002
  1.9960e-002
  1.9204e-002
  1.8471e-002
  1.7759e-002
  1.7068e-002
  1.6398e-002
  1.5749e-002
  1.5120e-002
  1.4511e-002
  1.3921e-002
  1.3351e-002
  1.2799e-002
  1.2265e-002
  1.1750e-002
  1.1252e-002
  1.0771e-002
  1.0308e-002
  9.8604e-003
  9.4291e-003
  9.0135e-003
  8.6131e-003
  8.2276e-003
  7.8565e-003
  7.4995e-003
  7.1562e-003
  6.8262e-003
  6.5091e-003
  6.2045e-003
  5.9121e-003
  5.6315e-003
  5.3624e-003
  5.1043e-003
  4.8569e-003
  4.6198e-003
  4.3928e-003
  4.1755e-003
  3.9676e-003
  3.7687e-003
  3.5785e-003
  3.3967e-003
  3.2231e-003
  3.0572e-003
  2.8989e-003
  2.7478e-003
  2.6037e-003
  2.4663e-003
  2.3353e-003
  2.2106e-003
  2.0917e-003
  1.9786e-003
  1.8709e-003
  1.7685e-003
  1.6711e-003
  1.5786e-003
  1.4906e-003
  1.4071e-003
  1.3278e-003
  1.2525e-003
  1.1811e-003
  1.1134e-003
  1.0492e-003
  9.8833e-004
  9.3070e-004
  8.7613e-004
  8.2448e-004
  7.7561e-004
  7.2939e-004
  6.8568e-004
  6.4438e-004
  6.0536e-004
  5.6850e-004
  5.3371e-004
  5.0087e-004
  4.6990e-004
  4.4069e-004
  4.1315e-004
  3.8721e-004
  3.6277e-004
  3.3975e-004
  3.1809e-004
  2.9771e-004
  2.7853e-004
  2.6051e-004
  2.4356e-004
  2.2765e-004
  2.1269e-004
  1.9865e-004
  1.8548e-004
  1.7312e-004
  1.6152e-004
  1.5065e-004
  1.4046e-004
  1.3092e-004
  1.2198e-004
  1.1361e-004
  1.0578e-004
  9.8447e-005
  9.1592e-005
  8.5183e-005
  7.9192e-005
  7.3593e-005
  6.8364e-005
  6.3481e-005
  5.8922e-005
  5.4666e-005
  5.0696e-005
  4.6993e-005
  4.3539e-005
  4.0318e-005
  3.7315e-005
  3.4517e-005
  3.1908e-005
  2.9478e-005
  2.7212e-005
  2.5101e-005
  2.3134e-005
  2.1300e-005
  1.9590e-005
  1.7996e-005
  1.6508e-005
  1.5118e-005
  1.3820e-005
  1.2607e-005
  1.1470e-005
  1.0405e-005
  9.4047e-006
  8.4638e-006
  7.5767e-006
  6.7382e-006
  5.9433e-006
  5.1871e-006
  4.4651e-006
  3.7727e-006
  3.1055e-006
  2.4593e-006
  1.8298e-006
  1.2129e-006
  6.0434e-007
,  -9.2651e-003
 -3.0838e-003
 -1.3074e-002
 -1.7387e-002
 -2.1661e-002
 -2.5888e-002
 -3.0057e-002
 -3.4160e-002
 -3.8187e-002
 -4.2131e-002
 -4.5981e-002
 -4.9730e-002
 -5.3370e-002
 -5.6892e-002
 -6.0290e-002
 -6.3555e-002
 -6.6681e-002
 -6.9661e-002
 -7.2489e-002
 -7.5159e-002
 -7.7666e-002
 -8.0004e-002
 -8.2168e-002
 -8.4155e-002
 -8.5960e-002
 -8.7580e-002
 -8.9011e-002
 -9.0252e-002
 -9.1300e-002
 -9.2152e-002
 -9.2809e-002
 -9.3269e-002
 -9.3532e-002
 -9.3598e-002
 -9.3467e-002
 -9.3139e-002
 -9.2618e-002
 -9.1904e-002
 -9.0999e-002
 -8.9906e-002
 -8.8628e-002
 -8.7168e-002
 -8.5531e-002
 -8.3719e-002
 -8.1738e-002
 -7.9593e-002
 -7.7287e-002
 -7.4827e-002
 -7.2218e-002
 -6.9467e-002
 -6.6579e-002
 -6.3560e-002
 -6.0417e-002
 -5.7158e-002
 -5.3788e-002
 -5.0315e-002
 -4.6746e-002
 -4.3089e-002
 -3.9351e-002
 -3.5539e-002
 -3.1661e-002
 -2.7724e-002
 -2.3737e-002
 -1.9706e-002
 -1.5640e-002
 -1.1545e-002
 -7.4305e-003
 -3.3024e-003
  8.3154e-004
  4.9640e-003
  9.0879e-003
  1.3196e-002
  1.7282e-002
  2.1339e-002
  2.5360e-002
  2.9339e-002
  3.3270e-002
  3.7147e-002
  4.0964e-002
  4.4715e-002
  4.8397e-002
  5.2002e-002
  5.5527e-002
  5.8968e-002
  6.2319e-002
  6.5577e-002
  6.8738e-002
  7.1798e-002
  7.4755e-002
  7.7606e-002
  8.0347e-002
  8.2977e-002
  8.5492e-002
  8.7893e-002
  9.0176e-002
  9.2340e-002
  9.4385e-002
  9.6310e-002
  9.8113e-002
  9.9796e-002
  1.0136e-001
  1.0280e-001
  1.0412e-001
  1.0531e-001
  1.0639e-001
  1.0735e-001
  1.0820e-001
  1.0892e-001
  1.0954e-001
  1.1004e-001
  1.1043e-001
  1.1071e-001
  1.1089e-001
  1.1096e-001
  1.1093e-001
  1.1080e-001
  1.1058e-001
  1.1026e-001
  1.0985e-001
  1.0935e-001
  1.0877e-001
  1.0811e-001
  1.0737e-001
  1.0656e-001
  1.0567e-001
  1.0471e-001
  1.0369e-001
  1.0261e-001
  1.0147e-001
  1.0027e-001
  9.9018e-002
  9.7720e-002
  9.6375e-002
  9.4988e-002
  9.3562e-002
  9.2099e-002
  9.0604e-002
  8.9078e-002
  8.7525e-002
  8.5948e-002
  8.4350e-002
  8.2733e-002
  8.1100e-002
  7.9455e-002
  7.7798e-002
  7.6133e-002
  7.4463e-002
  7.2790e-002
  7.1115e-002
  6.9441e-002
  6.7770e-002
  6.6105e-002
  6.4446e-002
  6.2796e-002
  6.1157e-002
  5.9530e-002
  5.7917e-002
  5.6318e-002
  5.4737e-002
  5.3173e-002
  5.1628e-002
  5.0103e-002
  4.8600e-002
  4.7118e-002
  4.5660e-002
  4.4225e-002
  4.2815e-002
  4.1431e-002
  4.0072e-002
  3.8739e-002
  3.7433e-002
  3.6155e-002
  3.4904e-002
  3.3680e-002
  3.2485e-002
  3.1318e-002
  3.0179e-002
  2.9068e-002
  2.7985e-002
  2.6931e-002
  2.5905e-002
  2.4907e-002
  2.3937e-002
  2.2994e-002
  2.2079e-002
  2.1191e-002
  2.0330e-002
  1.9495e-002
  1.8687e-002
  1.7904e-002
  1.7147e-002
  1.6415e-002
  1.5707e-002
  1.5024e-002
  1.4364e-002
  1.3727e-002
  1.3113e-002
  1.2521e-002
  1.1951e-002
  1.1402e-002
  1.0874e-002
  1.0366e-002
  9.8778e-003
  9.4086e-003
  8.9579e-003
  8.5254e-003
  8.1104e-003
  7.7125e-003
  7.3311e-003
  6.9657e-003
  6.6159e-003
  6.2810e-003
  5.9608e-003
  5.6545e-003
  5.3619e-003
  5.0823e-003
  4.8154e-003
  4.5607e-003
  4.3177e-003
  4.0860e-003
  3.8652e-003
  3.6549e-003
  3.4547e-003
  3.2641e-003
  3.0828e-003
  2.9104e-003
  2.7466e-003
  2.5909e-003
  2.4431e-003
  2.3028e-003
  2.1696e-003
  2.0434e-003
  1.9237e-003
  1.8103e-003
  1.7028e-003
  1.6011e-003
  1.5048e-003
  1.4138e-003
  1.3276e-003
  1.2462e-003
  1.1693e-003
  1.0966e-003
  1.0279e-003
  9.6315e-004
  9.0201e-004
  8.4434e-004
  7.8996e-004
  7.3868e-004
  6.9036e-004
  6.4482e-004
  6.0193e-004
  5.6152e-004
  5.2347e-004
  4.8765e-004
  4.5392e-004
  4.2216e-004
  3.9226e-004
  3.6410e-004
  3.3758e-004
  3.1261e-004
  2.8907e-004
  2.6688e-004
  2.4595e-004
  2.2619e-004
  2.0752e-004
  1.8986e-004
  1.7314e-004
  1.5728e-004
  1.4221e-004
  1.2786e-004
  1.1418e-004
  1.0109e-004
  8.8525e-005
  7.6433e-005
  6.4753e-005
  5.3423e-005
  4.2385e-005
  3.1583e-005
  2.0956e-005
  1.0448e-005
,  -1.0363e-002
 -3.4461e-003
 -1.4604e-002
 -1.9392e-002
 -2.4114e-002
 -2.8751e-002
 -3.3288e-002
 -3.7709e-002
 -4.1999e-002
 -4.6144e-002
 -5.0127e-002
 -5.3937e-002
 -5.7559e-002
 -6.0982e-002
 -6.4194e-002
 -6.7183e-002
 -6.9939e-002
 -7.2454e-002
 -7.4719e-002
 -7.6726e-002
 -7.8468e-002
 -7.9940e-002
 -8.1137e-002
 -8.2056e-002
 -8.2693e-002
 -8.3047e-002
 -8.3117e-002
 -8.2904e-002
 -8.2407e-002
 -8.1630e-002
 -8.0576e-002
 -7.9249e-002
 -7.7653e-002
 -7.5795e-002
 -7.3681e-002
 -7.1319e-002
 -6.8717e-002
 -6.5886e-002
 -6.2834e-002
 -5.9572e-002
 -5.6112e-002
 -5.2466e-002
 -4.8646e-002
 -4.4665e-002
 -4.0537e-002
 -3.6276e-002
 -3.1895e-002
 -2.7411e-002
 -2.2837e-002
 -1.8190e-002
 -1.3483e-002
 -8.7325e-003
 -3.9541e-003
  8.3706e-004
  5.6255e-003
  1.0396e-002
  1.5134e-002
  1.9823e-002
  2.4450e-002
  2.9001e-002
  3.3460e-002
  3.7815e-002
  4.2053e-002
  4.6161e-002
  5.0127e-002
  5.3938e-002
  5.7586e-002
  6.1058e-002
  6.4345e-002
  6.7438e-002
  7.0330e-002
  7.3011e-002
  7.5475e-002
  7.7716e-002
  7.9729e-002
  8.1508e-002
  8.3050e-002
  8.4352e-002
  8.5410e-002
  8.6224e-002
  8.6792e-002
  8.7114e-002
  8.7191e-002
  8.7024e-002
  8.6615e-002
  8.5966e-002
  8.5081e-002
  8.3964e-002
  8.2618e-002
  8.1050e-002
  7.9265e-002
  7.7269e-002
  7.5069e-002
  7.2672e-002
  7.0086e-002
  6.7319e-002
  6.4379e-002
  6.1275e-002
  5.8016e-002
  5.4612e-002
  5.1072e-002
  4.7406e-002
  4.3624e-002
  3.9736e-002
  3.5753e-002
  3.1685e-002
  2.7541e-002
  2.3334e-002
  1.9072e-002
  1.4766e-002
  1.0427e-002
  6.0637e-003
  1.6874e-003
 -2.6927e-003
 -7.0669e-003
 -1.1426e-002
 -1.5760e-002
 -2.0061e-002
 -2.4321e-002
 -2.8529e-002
 -3.2680e-002
 -3.6765e-002
 -4.0776e-002
 -4.4707e-002
 -4.8551e-002
 -5.2302e-002
 -5.5953e-002
 -5.9501e-002
 -6.2938e-002
 -6.6261e-002
 -6.9466e-002
 -7.2547e-002
 -7.5503e-002
 -7.8329e-002
 -8.1024e-002
 -8.3584e-002
 -8.6008e-002
 -8.8294e-002
 -9.0441e-002
 -9.2448e-002
 -9.4315e-002
 -9.6041e-002
 -9.7627e-002
 -9.9073e-002
 -1.0038e-001
 -1.0155e-001
 -1.0258e-001
 -1.0348e-001
 -1.0424e-001
 -1.0488e-001
 -1.0538e-001
 -1.0576e-001
 -1.0601e-001
 -1.0615e-001
 -1.0617e-001
 -1.0607e-001
 -1.0587e-001
 -1.0555e-001
 -1.0514e-001
 -1.0462e-001
 -1.0401e-001
 -1.0331e-001
 -1.0252e-001
 -1.0165e-001
 -1.0069e-001
 -9.9665e-002
 -9.8565e-002
 -9.7399e-002
 -9.6169e-002
 -9.4880e-002
 -9.3537e-002
 -9.2142e-002
 -9.0701e-002
 -8.9216e-002
 -8.7692e-002
 -8.6133e-002
 -8.4541e-002
 -8.2922e-002
 -8.1278e-002
 -7.9612e-002
 -7.7929e-002
 -7.6231e-002
 -7.4522e-002
 -7.2803e-002
 -7.1079e-002
 -6.9353e-002
 -6.7626e-002
 -6.5901e-002
 -6.4181e-002
 -6.2468e-002
 -6.0765e-002
 -5.9073e-002
 -5.7394e-002
 -5.5731e-002
 -5.4084e-002
 -5.2456e-002
 -5.0848e-002
 -4.9262e-002
 -4.7698e-002
 -4.6159e-002
 -4.4644e-002
 -4.3156e-002
 -4.1694e-002
 -4.0261e-002
 -3.8855e-002
 -3.7479e-002
 -3.6133e-002
 -3.4816e-002
 -3.3530e-002
 -3.2275e-002
 -3.1050e-002
 -2.9857e-002
 -2.8695e-002
 -2.7564e-002
 -2.6464e-002
 -2.5395e-002
 -2.4357e-002
 -2.3350e-002
 -2.2373e-002
 -2.1427e-002
 -2.0510e-002
 -1.9623e-002
 -1.8765e-002
 -1.7935e-002
 -1.7134e-002
 -1.6360e-002
 -1.5614e-002
 -1.4895e-002
 -1.4201e-002
 -1.3533e-002
 -1.2891e-002
 -1.2272e-002
 -1.1678e-002
 -1.1107e-002
 -1.0558e-002
 -1.0031e-002
 -9.5261e-003
 -9.0416e-003
 -8.5773e-003
 -8.1325e-003
 -7.7066e-003
 -7.2990e-003
 -6.9091e-003
 -6.5363e-003
 -6.1799e-003
 -5.8394e-003
 -5.5143e-003
 -5.2038e-003
 -4.9075e-003
 -4.6248e-003
 -4.3552e-003
 -4.0980e-003
 -3.8529e-003
 -3.6192e-003
 -3.3964e-003
 -3.1841e-003
 -2.9818e-003
 -2.7889e-003
 -2.6050e-003
 -2.4298e-003
 -2.2626e-003
 -2.1031e-003
 -1.9508e-003
 -1.8054e-003
 -1.6663e-003
 -1.5333e-003
 -1.4059e-003
 -1.2837e-003
 -1.1663e-003
 -1.0534e-003
 -9.4455e-004
 -8.3943e-004
 -7.3765e-004
 -6.3885e-004
 -5.4267e-004
 -4.4874e-004
 -3.5670e-004
 -2.6618e-004
 -1.7681e-004
 -8.8208e-005
, 