  1.7392e-002
  5.7862e-003
  2.4525e-002
  3.2591e-002
  4.0564e-002
  4.8422e-002
  5.6142e-002
  6.3703e-002
  7.1086e-002
  7.8269e-002
  8.5234e-002
  9.1963e-002
  9.8440e-002
  1.0465e-001
  1.1058e-001
  1.1621e-001
  1.2153e-001
  1.2653e-001
  1.3121e-001
  1.3555e-001
  1.3956e-001
  1.4321e-001
  1.4652e-001
  1.4947e-001
  1.5207e-001
  1.5432e-001
  1.5623e-001
  1.5778e-001
  1.5899e-001
  1.5987e-001
  1.6042e-001
  1.6064e-001
  1.6056e-001
  1.6017e-001
  1.5949e-001
  1.5853e-001
  1.5730e-001
  1.5581e-001
  1.5409e-001
  1.5213e-001
  1.4996e-001
  1.4759e-001
  1.4503e-001
  1.4230e-001
  1.3942e-001
  1.3639e-001
  1.3324e-001
  1.2998e-001
  1.2661e-001
  1.2317e-001
  1.1965e-001
  1.1607e-001
  1.1246e-001
  1.0881e-001
  1.0514e-001
  1.0146e-001
  9.7781e-002
  9.4117e-002
  9.0476e-002
  8.6866e-002
  8.3296e-002
  7.9774e-002
  7.6306e-002
  7.2900e-002
  6.9561e-002
  6.6295e-002
  6.3106e-002
  5.9999e-002
  5.6977e-002
  5.4044e-002
  5.1201e-002
  4.8451e-002
  4.5795e-002
  4.3234e-002
  4.0770e-002
  3.8401e-002
  3.6129e-002
  3.3953e-002
  3.1871e-002
  2.9883e-002
  2.7988e-002
  2.6183e-002
  2.4467e-002
  2.2838e-002
  2.1294e-002
  1.9832e-002
  1.8450e-002
  1.7145e-002
  1.5915e-002
  1.4757e-002
  1.3668e-002
  1.2646e-002
  1.1688e-002
  1.0790e-002
  9.9504e-003
  9.1662e-003
  8.4347e-003
  7.7532e-003
  7.1191e-003
  6.5298e-003
  5.9829e-003
  5.4759e-003
  5.0065e-003
  4.5725e-003
  4.1716e-003
  3.8018e-003
  3.4612e-003
  3.1477e-003
  2.8595e-003
  2.5951e-003
  2.3525e-003
  2.1304e-003
  1.9273e-003
  1.7416e-003
  1.5722e-003
  1.4178e-003
  1.2772e-003
  1.1494e-003
  1.0332e-003
  9.2787e-004
  8.3237e-004
  7.4593e-004
  6.6776e-004
  5.9716e-004
  5.3347e-004
  4.7608e-004
  4.2442e-004
  3.7797e-004
  3.3625e-004
  2.9882e-004
  2.6528e-004
  2.3526e-004
  2.0841e-004
  1.8443e-004
  1.6304e-004
  1.4397e-004
  1.2699e-004
  1.1188e-004
  9.8463e-005
  8.6549e-005
  7.5982e-005
  6.6618e-005
  5.8326e-005
  5.0989e-005
  4.4500e-005
  3.8764e-005
  3.3695e-005
  2.9214e-005
  2.5252e-005
  2.1744e-005
  1.8635e-005
  1.5873e-005
  1.3410e-005
  1.1204e-005
  9.2164e-006
  7.4109e-006
  5.7539e-006
  4.2140e-006
  2.7611e-006
  1.3660e-006
,  -2.1338e-002
 -7.0807e-003
 -2.9974e-002
 -3.9650e-002
 -4.9060e-002
 -5.8141e-002
 -6.6832e-002
 -7.5075e-002
 -8.2816e-002
 -9.0004e-002
 -9.6594e-002
 -1.0254e-001
 -1.0781e-001
 -1.1237e-001
 -1.1619e-001
 -1.1925e-001
 -1.2154e-001
 -1.2303e-001
 -1.2373e-001
 -1.2364e-001
 -1.2275e-001
 -1.2109e-001
 -1.1866e-001
 -1.1549e-001
 -1.1160e-001
 -1.0702e-001
 -1.0178e-001
 -9.5921e-002
 -8.9485e-002
 -8.2513e-002
 -7.5052e-002
 -6.7150e-002
 -5.8857e-002
 -5.0226e-002
 -4.1309e-002
 -3.2159e-002
 -2.2830e-002
 -1.3376e-002
 -3.8493e-003
  5.6981e-003
  1.5215e-002
  2.4653e-002
  3.3965e-002
  4.3105e-002
  5.2031e-002
  6.0703e-002
  6.9083e-002
  7.7138e-002
  8.4836e-002
  9.2149e-002
  9.9053e-002
  1.0553e-001
  1.1155e-001
  1.1711e-001
  1.2220e-001
  1.2680e-001
  1.3092e-001
  1.3454e-001
  1.3768e-001
  1.4033e-001
  1.4251e-001
  1.4421e-001
  1.4545e-001
  1.4625e-001
  1.4662e-001
  1.4657e-001
  1.4613e-001
  1.4531e-001
  1.4413e-001
  1.4262e-001
  1.4080e-001
  1.3869e-001
  1.3631e-001
  1.3368e-001
  1.3084e-001
  1.2780e-001
  1.2458e-001
  1.2121e-001
  1.1771e-001
  1.1410e-001
  1.1040e-001
  1.0664e-001
  1.0282e-001
  9.8967e-002
  9.5100e-002
  9.1232e-002
  8.7380e-002
  8.3555e-002
  7.9771e-002
  7.6039e-002
  7.2369e-002
  6.8771e-002
  6.5254e-002
  6.1824e-002
  5.8488e-002
  5.5250e-002
  5.2117e-002
  4.9090e-002
  4.6174e-002
  4.3370e-002
  4.0679e-002
  3.8102e-002
  3.5640e-002
  3.3291e-002
  3.1054e-002
  2.8930e-002
  2.6914e-002
  2.5006e-002
  2.3202e-002
  2.1500e-002
  1.9898e-002
  1.8390e-002
  1.6975e-002
  1.5649e-002
  1.4408e-002
  1.3249e-002
  1.2168e-002
  1.1161e-002
  1.0224e-002
  9.3544e-003
  8.5481e-003
  7.8017e-003
  7.1117e-003
  6.4747e-003
  5.8876e-003
  5.3472e-003
  4.8504e-003
  4.3944e-003
  3.9765e-003
  3.5939e-003
  3.2442e-003
  2.9249e-003
  2.6337e-003
  2.3687e-003
  2.1276e-003
  1.9086e-003
  1.7100e-003
  1.5300e-003
  1.3671e-003
  1.2198e-003
  1.0868e-003
  9.6679e-004
  8.5860e-004
  7.6114e-004
  6.7340e-004
  5.9444e-004
  5.2340e-004
  4.5948e-004
  4.0193e-004
  3.5007e-004
  3.0327e-004
  2.6094e-004
  2.2252e-004
  1.8750e-004
  1.5541e-004
  1.2579e-004
  9.8206e-005
  7.2238e-005
  4.7482e-005
  2.3536e-005
,   -0.0239
  -0.0079
  -0.0334
  -0.0439
  -0.0541
  -0.0636
  -0.0724
  -0.0805
  -0.0878
  -0.0941
  -0.0994
  -0.1037
  -0.1069
  -0.1090
  -0.1099
  -0.1097
  -0.1083
  -0.1059
  -0.1023
  -0.0977
  -0.0921
  -0.0855
  -0.0780
  -0.0698
  -0.0609
  -0.0513
  -0.0413
  -0.0308
  -0.0200
  -0.0090
   0.0020
   0.0131
   0.0240
   0.0347
   0.0450
   0.0550
   0.0644
   0.0732
   0.0813
   0.0887
   0.0952
   0.1009
   0.1057
   0.1096
   0.1124
   0.1143
   0.1152
   0.1151
   0.1141
   0.1120
   0.1091
   0.1052
   0.1005
   0.0950
   0.0887
   0.0817
   0.0741
   0.0659
   0.0573
   0.0482
   0.0388
   0.0290
   0.0191
   0.0091
  -0.0011
  -0.0112
  -0.0212
  -0.0311
  -0.0408
  -0.0502
  -0.0594
  -0.0682
  -0.0766
  -0.0845
  -0.0920
  -0.0990
  -0.1055
  -0.1115
  -0.1168
  -0.1217
  -0.1259
  -0.1296
  -0.1327
  -0.1353
  -0.1373
  -0.1388
  -0.1398
  -0.1403
  -0.1403
  -0.1398
  -0.1389
  -0.1377
  -0.1360
  -0.1340
  -0.1317
  -0.1291
  -0.1262
  -0.1231
  -0.1199
  -0.1164
  -0.1128
  -0.1090
  -0.1052
  -0.1013
  -0.0973
  -0.0934
  -0.0894
  -0.0854
  -0.0814
  -0.0775
  -0.0737
  -0.0699
  -0.0662
  -0.0625
  -0.0590
  -0.0556
  -0.0523
  -0.0491
  -0.0460
  -0.0431
  -0.0403
  -0.0376
  -0.0350
  -0.0326
  -0.0302
  -0.0280
  -0.0260
  -0.0240
  -0.0222
  -0.0204
  -0.0188
  -0.0173
  -0.0159
  -0.0145
  -0.0133
  -0.0121
  -0.0111
  -0.0101
  -0.0092
  -0.0083
  -0.0075
  -0.0068
  -0.0061
  -0.0055
  -0.0050
  -0.0044
  -0.0040
  -0.0035
  -0.0031
  -0.0028
  -0.0024
  -0.0021
  -0.0018
  -0.0015
  -0.0013
  -0.0010
  -0.0008
  -0.0006
  -0.0004
  -0.0002
, 