  1.2477e-002
  4.1541e-003
  1.7613e-002
  2.3434e-002
  2.9212e-002
  3.4936e-002
  4.0596e-002
  4.6182e-002
  5.1684e-002
  5.7092e-002
  6.2397e-002
  6.7590e-002
  7.2661e-002
  7.7603e-002
  8.2407e-002
  8.7066e-002
  9.1572e-002
  9.5919e-002
  1.0010e-001
  1.0411e-001
  1.0794e-001
  1.1159e-001
  1.1506e-001
  1.1833e-001
  1.2142e-001
  1.2430e-001
  1.2699e-001
  1.2948e-001
  1.3176e-001
  1.3385e-001
  1.3573e-001
  1.3741e-001
  1.3889e-001
  1.4016e-001
  1.4124e-001
  1.4213e-001
  1.4282e-001
  1.4332e-001
  1.4363e-001
  1.4376e-001
  1.4371e-001
  1.4349e-001
  1.4309e-001
  1.4254e-001
  1.4182e-001
  1.4095e-001
  1.3993e-001
  1.3877e-001
  1.3747e-001
  1.3604e-001
  1.3449e-001
  1.3283e-001
  1.3106e-001
  1.2918e-001
  1.2721e-001
  1.2514e-001
  1.2300e-001
  1.2078e-001
  1.1849e-001
  1.1614e-001
  1.1373e-001
  1.1128e-001
  1.0878e-001
  1.0624e-001
  1.0367e-001
  1.0108e-001
  9.8471e-002
  9.5847e-002
  9.3214e-002
  9.0578e-002
  8.7944e-002
  8.5316e-002
  8.2700e-002
  8.0098e-002
  7.7516e-002
  7.4958e-002
  7.2426e-002
  6.9924e-002
  6.7455e-002
  6.5023e-002
  6.2629e-002
  6.0277e-002
  5.7969e-002
  5.5706e-002
  5.3490e-002
  5.1324e-002
  4.9208e-002
  4.7143e-002
  4.5131e-002
  4.3173e-002
  4.1269e-002
  3.9419e-002
  3.7625e-002
  3.5885e-002
  3.4201e-002
  3.2572e-002
  3.0998e-002
  2.9478e-002
  2.8013e-002
  2.6601e-002
  2.5242e-002
  2.3935e-002
  2.2680e-002
  2.1475e-002
  2.0319e-002
  1.9212e-002
  1.8152e-002
  1.7139e-002
  1.6170e-002
  1.5246e-002
  1.4364e-002
  1.3524e-002
  1.2724e-002
  1.1962e-002
  1.1239e-002
  1.0552e-002
  9.8998e-003
  9.2816e-003
  8.6960e-003
  8.1416e-003
  7.6173e-003
  7.1219e-003
  6.6541e-003
  6.2127e-003
  5.7966e-003
  5.4046e-003
  5.0357e-003
  4.6888e-003
  4.3628e-003
  4.0566e-003
  3.7694e-003
  3.5002e-003
  3.2479e-003
  3.0118e-003
  2.7909e-003
  2.5845e-003
  2.3917e-003
  2.2119e-003
  2.0441e-003
  1.8878e-003
  1.7423e-003
  1.6069e-003
  1.4810e-003
  1.3641e-003
  1.2556e-003
  1.1549e-003
  1.0616e-003
  9.7515e-004
  8.9516e-004
  8.2118e-004
  7.5280e-004
  6.8966e-004
  6.3140e-004
  5.7767e-004
  5.2815e-004
  4.8256e-004
  4.4062e-004
  4.0204e-004
  3.6660e-004
  3.3406e-004
  3.0421e-004
  2.7684e-004
  2.5176e-004
  2.2880e-004
  2.0779e-004
  1.8858e-004
  1.7103e-004
  1.5501e-004
  1.4039e-004
  1.2707e-004
  1.1492e-004
  1.0386e-004
  9.3798e-005
  8.4645e-005
  7.6326e-005
  6.8770e-005
  6.1910e-005
  5.5685e-005
  5.0039e-005
  4.4920e-005
  4.0281e-005
  3.6077e-005
  3.2269e-005
  2.8819e-005
  2.5692e-005
  2.2859e-005
  2.0289e-005
  1.7956e-005
  1.5835e-005
  1.3903e-005
  1.2140e-005
  1.0526e-005
  9.0420e-006
  7.6720e-006
  6.3995e-006
  5.2092e-006
  4.0868e-006
  3.0182e-006
  1.9898e-006
  9.8815e-007
,  -1.5307e-002
 -5.0877e-003
 -2.1554e-002
 -2.8594e-002
 -3.5510e-002
 -4.2273e-002
 -4.8854e-002
 -5.5224e-002
 -6.1357e-002
 -6.7225e-002
 -7.2806e-002
 -7.8075e-002
 -8.3010e-002
 -8.7591e-002
 -9.1799e-002
 -9.5617e-002
 -9.9031e-002
 -1.0203e-001
 -1.0459e-001
 -1.0672e-001
 -1.0840e-001
 -1.0963e-001
 -1.1041e-001
 -1.1072e-001
 -1.1059e-001
 -1.1000e-001
 -1.0896e-001
 -1.0748e-001
 -1.0556e-001
 -1.0322e-001
 -1.0047e-001
 -9.7322e-002
 -9.3788e-002
 -8.9886e-002
 -8.5634e-002
 -8.1051e-002
 -7.6156e-002
 -7.0970e-002
 -6.5516e-002
 -5.9816e-002
 -5.3892e-002
 -4.7770e-002
 -4.1472e-002
 -3.5024e-002
 -2.8449e-002
 -2.1773e-002
 -1.5020e-002
 -8.2151e-003
 -1.3815e-003
  5.4569e-003
  1.2277e-002
  1.9056e-002
  2.5772e-002
  3.2403e-002
  3.8931e-002
  4.5334e-002
  5.1595e-002
  5.7696e-002
  6.3621e-002
  6.9355e-002
  7.4883e-002
  8.0193e-002
  8.5273e-002
  9.0112e-002
  9.4702e-002
  9.9034e-002
  1.0310e-001
  1.0690e-001
  1.1042e-001
  1.1367e-001
  1.1663e-001
  1.1932e-001
  1.2172e-001
  1.2384e-001
  1.2569e-001
  1.2726e-001
  1.2856e-001
  1.2960e-001
  1.3038e-001
  1.3090e-001
  1.3117e-001
  1.3121e-001
  1.3102e-001
  1.3060e-001
  1.2997e-001
  1.2914e-001
  1.2812e-001
  1.2691e-001
  1.2552e-001
  1.2398e-001
  1.2228e-001
  1.2044e-001
  1.1847e-001
  1.1638e-001
  1.1418e-001
  1.1188e-001
  1.0949e-001
  1.0702e-001
  1.0449e-001
  1.0189e-001
  9.9243e-002
  9.6555e-002
  9.3834e-002
  9.1089e-002
  8.8328e-002
  8.5559e-002
  8.2788e-002
  8.0022e-002
  7.7269e-002
  7.4534e-002
  7.1823e-002
  6.9140e-002
  6.6492e-002
  6.3882e-002
  6.1315e-002
  5.8794e-002
  5.6322e-002
  5.3904e-002
  5.1540e-002
  4.9234e-002
  4.6988e-002
  4.4803e-002
  4.2680e-002
  4.0621e-002
  3.8627e-002
  3.6698e-002
  3.4834e-002
  3.3035e-002
  3.1302e-002
  2.9634e-002
  2.8031e-002
  2.6491e-002
  2.5015e-002
  2.3600e-002
  2.2247e-002
  2.0954e-002
  1.9719e-002
  1.8542e-002
  1.7420e-002
  1.6353e-002
  1.5338e-002
  1.4375e-002
  1.3461e-002
  1.2595e-002
  1.1775e-002
  1.0999e-002
  1.0267e-002
  9.5751e-003
  8.9230e-003
  8.3087e-003
  7.7306e-003
  7.1869e-003
  6.6763e-003
  6.1970e-003
  5.7476e-003
  5.3266e-003
  4.9326e-003
  4.5642e-003
  4.2199e-003
  3.8986e-003
  3.5990e-003
  3.3198e-003
  3.0598e-003
  2.8180e-003
  2.5932e-003
  2.3845e-003
  2.1909e-003
  2.0113e-003
  1.8450e-003
  1.6911e-003
  1.5487e-003
  1.4171e-003
  1.2955e-003
  1.1834e-003
  1.0799e-003
  9.8459e-004
  8.9677e-004
  8.1592e-004
  7.4154e-004
  6.7312e-004
  6.1023e-004
  5.5242e-004
  4.9929e-004
  4.5046e-004
  4.0558e-004
  3.6431e-004
  3.2634e-004
  2.9136e-004
  2.5911e-004
  2.2931e-004
  2.0173e-004
  1.7611e-004
  1.5225e-004
  1.2992e-004
  1.0891e-004
  8.9042e-005
  7.0108e-005
  5.1923e-005
  3.4300e-005
  1.7055e-005
,    0.0171
   0.0057
   0.0240
   0.0318
   0.0393
   0.0466
   0.0536
   0.0602
   0.0664
   0.0721
   0.0773
   0.0821
   0.0862
   0.0898
   0.0928
   0.0952
   0.0969
   0.0979
   0.0984
   0.0981
   0.0972
   0.0957
   0.0935
   0.0907
   0.0873
   0.0833
   0.0788
   0.0738
   0.0682
   0.0623
   0.0559
   0.0492
   0.0421
   0.0348
   0.0273
   0.0196
   0.0118
   0.0039
  -0.0041
  -0.0120
  -0.0198
  -0.0275
  -0.0350
  -0.0424
  -0.0494
  -0.0562
  -0.0626
  -0.0687
  -0.0743
  -0.0795
  -0.0843
  -0.0885
  -0.0923
  -0.0955
  -0.0981
  -0.1002
  -0.1018
  -0.1027
  -0.1031
  -0.1030
  -0.1022
  -0.1010
  -0.0992
  -0.0968
  -0.0940
  -0.0906
  -0.0868
  -0.0825
  -0.0779
  -0.0728
  -0.0674
  -0.0616
  -0.0556
  -0.0493
  -0.0427
  -0.0360
  -0.0291
  -0.0220
  -0.0149
  -0.0077
  -0.0004
   0.0068
   0.0140
   0.0212
   0.0283
   0.0352
   0.0420
   0.0487
   0.0551
   0.0614
   0.0674
   0.0732
   0.0787
   0.0840
   0.0889
   0.0936
   0.0979
   0.1020
   0.1057
   0.1091
   0.1122
   0.1149
   0.1173
   0.1194
   0.1212
   0.1227
   0.1238
   0.1247
   0.1252
   0.1255
   0.1255
   0.1253
   0.1248
   0.1241
   0.1231
   0.1219
   0.1206
   0.1190
   0.1173
   0.1154
   0.1133
   0.1111
   0.1089
   0.1064
   0.1039
   0.1014
   0.0987
   0.0960
   0.0932
   0.0904
   0.0876
   0.0847
   0.0819
   0.0790
   0.0762
   0.0733
   0.0705
   0.0678
   0.0650
   0.0623
   0.0596
   0.0570
   0.0545
   0.0520
   0.0496
   0.0472
   0.0449
   0.0426
   0.0405
   0.0384
   0.0364
   0.0344
   0.0325
   0.0307
   0.0290
   0.0273
   0.0257
   0.0242
   0.0227
   0.0214
   0.0200
   0.0188
   0.0176
   0.0164
   0.0154
   0.0143
   0.0134
   0.0125
   0.0116
   0.0108
   0.0100
   0.0093
   0.0086
   0.0080
   0.0074
   0.0068
   0.0063
   0.0058
   0.0053
   0.0049
   0.0045
   0.0041
   0.0038
   0.0034
   0.0031
   0.0028
   0.0026
   0.0023
   0.0021
   0.0018
   0.0016
   0.0014
   0.0013
   0.0011
   0.0009
   0.0007
   0.0006
   0.0004
   0.0003
   0.0001
, 