  6.1885e-003
  2.0618e-003
  8.7455e-003
  1.1651e-002
  1.4548e-002
  1.7434e-002
  2.0308e-002
  2.3167e-002
  2.6009e-002
  2.8833e-002
  3.1636e-002
  3.4416e-002
  3.7172e-002
  3.9901e-002
  4.2601e-002
  4.5272e-002
  4.7910e-002
  5.0514e-002
  5.3082e-002
  5.5613e-002
  5.8105e-002
  6.0556e-002
  6.2965e-002
  6.5330e-002
  6.7650e-002
  6.9924e-002
  7.2149e-002
  7.4325e-002
  7.6451e-002
  7.8524e-002
  8.0545e-002
  8.2512e-002
  8.4424e-002
  8.6280e-002
  8.8079e-002
  8.9820e-002
  9.1503e-002
  9.3127e-002
  9.4690e-002
  9.6194e-002
  9.7637e-002
  9.9018e-002
  1.0034e-001
  1.0159e-001
  1.0279e-001
  1.0392e-001
  1.0499e-001
  1.0600e-001
  1.0694e-001
  1.0783e-001
  1.0864e-001
  1.0940e-001
  1.1009e-001
  1.1073e-001
  1.1130e-001
  1.1181e-001
  1.1226e-001
  1.1264e-001
  1.1297e-001
  1.1324e-001
  1.1345e-001
  1.1361e-001
  1.1370e-001
  1.1374e-001
  1.1373e-001
  1.1366e-001
  1.1354e-001
  1.1336e-001
  1.1313e-001
  1.1285e-001
  1.1252e-001
  1.1215e-001
  1.1172e-001
  1.1125e-001
  1.1074e-001
  1.1018e-001
  1.0957e-001
  1.0893e-001
  1.0824e-001
  1.0752e-001
  1.0676e-001
  1.0596e-001
  1.0513e-001
  1.0426e-001
  1.0336e-001
  1.0243e-001
  1.0147e-001
  1.0048e-001
  9.9459e-002
  9.8415e-002
  9.7347e-002
  9.6255e-002
  9.5141e-002
  9.4006e-002
  9.2852e-002
  9.1679e-002
  9.0489e-002
  8.9283e-002
  8.8063e-002
  8.6830e-002
  8.5584e-002
  8.4327e-002
  8.3061e-002
  8.1786e-002
  8.0504e-002
  7.9215e-002
  7.7921e-002
  7.6622e-002
  7.5321e-002
  7.4017e-002
  7.2712e-002
  7.1407e-002
  7.0103e-002
  6.8801e-002
  6.7501e-002
  6.6204e-002
  6.4912e-002
  6.3624e-002
  6.2343e-002
  6.1068e-002
  5.9801e-002
  5.8541e-002
  5.7291e-002
  5.6049e-002
  5.4818e-002
  5.3597e-002
  5.2387e-002
  5.1189e-002
  5.0004e-002
  4.8830e-002
  4.7670e-002
  4.6524e-002
  4.5391e-002
  4.4272e-002
  4.3169e-002
  4.2080e-002
  4.1006e-002
  3.9948e-002
  3.8906e-002
  3.7880e-002
  3.6870e-002
  3.5876e-002
  3.4899e-002
  3.3938e-002
  3.2995e-002
  3.2068e-002
  3.1158e-002
  3.0265e-002
  2.9389e-002
  2.8531e-002
  2.7689e-002
  2.6865e-002
  2.6058e-002
  2.5267e-002
  2.4494e-002
  2.3738e-002
  2.2998e-002
  2.2275e-002
  2.1569e-002
  2.0879e-002
  2.0205e-002
  1.9548e-002
  1.8907e-002
  1.8281e-002
  1.7672e-002
  1.7078e-002
  1.6499e-002
  1.5935e-002
  1.5387e-002
  1.4853e-002
  1.4333e-002
  1.3828e-002
  1.3337e-002
  1.2860e-002
  1.2397e-002
  1.1947e-002
  1.1510e-002
  1.1086e-002
  1.0675e-002
  1.0276e-002
  9.8892e-003
  9.5145e-003
  9.1514e-003
  8.7998e-003
  8.4594e-003
  8.1300e-003
  7.8112e-003
  7.5029e-003
  7.2048e-003
  6.9167e-003
  6.6383e-003
  6.3694e-003
  6.1097e-003
  5.8590e-003
  5.6171e-003
  5.3837e-003
  5.1586e-003
  4.9416e-003
  4.7324e-003
  4.5309e-003
  4.3368e-003
  4.1499e-003
  3.9700e-003
  3.7969e-003
  3.6303e-003
  3.4701e-003
  3.3161e-003
  3.1681e-003
  3.0259e-003
  2.8893e-003
  2.7581e-003
  2.6322e-003
  2.5114e-003
  2.3955e-003
  2.2843e-003
  2.1777e-003
  2.0755e-003
  1.9776e-003
  1.8838e-003
  1.7940e-003
  1.7080e-003
  1.6257e-003
  1.5470e-003
  1.4717e-003
  1.3997e-003
  1.3308e-003
  1.2650e-003
  1.2022e-003
  1.1422e-003
  1.0848e-003
  1.0301e-003
  9.7792e-004
  9.2811e-004
  8.8061e-004
  8.3532e-004
  7.9215e-004
  7.5101e-004
  7.1183e-004
  6.7451e-004
  6.3898e-004
  6.0517e-004
  5.7299e-004
  5.4238e-004
  5.1328e-004
  4.8561e-004
  4.5931e-004
  4.3432e-004
  4.1058e-004
  3.8804e-004
  3.6664e-004
  3.4633e-004
  3.2706e-004
  3.0879e-004
  2.9145e-004
  2.7502e-004
  2.5945e-004
  2.4469e-004
  2.3071e-004
  2.1748e-004
  2.0495e-004
  1.9309e-004
  1.8187e-004
  1.7125e-004
  1.6121e-004
  1.5173e-004
  1.4276e-004
  1.3428e-004
  1.2628e-004
  1.1871e-004
  1.1158e-004
  1.0484e-004
  9.8480e-005
  9.2481e-005
  8.6824e-005
  8.1489e-005
  7.6460e-005
  7.1720e-005
  6.7254e-005
  6.3047e-005
  5.9085e-005
  5.5354e-005
  5.1841e-005
  4.8535e-005
  4.5424e-005
  4.2497e-005
  3.9744e-005
  3.7154e-005
  3.4719e-005
  3.2428e-005
  3.0275e-005
  2.8250e-005
  2.6347e-005
  2.4557e-005
  2.2875e-005
  2.1293e-005
  1.9805e-005
  1.8406e-005
  1.7089e-005
  1.5850e-005
  1.4683e-005
  1.3584e-005
  1.2548e-005
  1.1571e-005
  1.0648e-005
  9.7762e-006
  8.9507e-006
  8.1684e-006
  7.4258e-006
  6.7196e-006
  6.0464e-006
  5.4033e-006
  4.7873e-006
  4.1953e-006
  3.6247e-006
  3.0726e-006
  2.5364e-006
  2.0133e-006
  1.5007e-006
  9.9609e-007
  4.9672e-007
,   7.5891e-003
  2.5268e-003
  1.0714e-002
  1.4258e-002
  1.7777e-002
  2.1265e-002
  2.4718e-002
  2.8129e-002
  3.1493e-002
  3.4803e-002
  3.8054e-002
  4.1241e-002
  4.4358e-002
  4.7400e-002
  5.0363e-002
  5.3240e-002
  5.6028e-002
  5.8722e-002
  6.1318e-002
  6.3810e-002
  6.6196e-002
  6.8471e-002
  7.0631e-002
  7.2674e-002
  7.4596e-002
  7.6394e-002
  7.8065e-002
  7.9607e-002
  8.1018e-002
  8.2294e-002
  8.3436e-002
  8.4440e-002
  8.5306e-002
  8.6032e-002
  8.6619e-002
  8.7064e-002
  8.7368e-002
  8.7530e-002
  8.7551e-002
  8.7431e-002
  8.7171e-002
  8.6772e-002
  8.6233e-002
  8.5558e-002
  8.4747e-002
  8.3802e-002
  8.2725e-002
  8.1518e-002
  8.0184e-002
  7.8724e-002
  7.7143e-002
  7.5442e-002
  7.3624e-002
  7.1694e-002
  6.9654e-002
  6.7508e-002
  6.5260e-002
  6.2914e-002
  6.0472e-002
  5.7941e-002
  5.5323e-002
  5.2623e-002
  4.9846e-002
  4.6995e-002
  4.4076e-002
  4.1093e-002
  3.8050e-002
  3.4953e-002
  3.1806e-002
  2.8614e-002
  2.5381e-002
  2.2113e-002
  1.8814e-002
  1.5489e-002
  1.2142e-002
  8.7790e-003
  5.4039e-003
  2.0214e-003
 -1.3638e-003
 -4.7471e-003
 -8.1242e-003
 -1.1491e-002
 -1.4842e-002
 -1.8174e-002
 -2.1483e-002
 -2.4764e-002
 -2.8014e-002
 -3.1229e-002
 -3.4405e-002
 -3.7539e-002
 -4.0626e-002
 -4.3665e-002
 -4.6651e-002
 -4.9581e-002
 -5.2453e-002
 -5.5263e-002
 -5.8009e-002
 -6.0689e-002
 -6.3300e-002
 -6.5840e-002
 -6.8307e-002
 -7.0698e-002
 -7.3013e-002
 -7.5249e-002
 -7.7405e-002
 -7.9479e-002
 -8.1471e-002
 -8.3380e-002
 -8.5204e-002
 -8.6942e-002
 -8.8595e-002
 -9.0161e-002
 -9.1641e-002
 -9.3034e-002
 -9.4339e-002
 -9.5558e-002
 -9.6690e-002
 -9.7736e-002
 -9.8696e-002
 -9.9570e-002
 -1.0036e-001
 -1.0106e-001
 -1.0169e-001
 -1.0223e-001
 -1.0269e-001
 -1.0306e-001
 -1.0336e-001
 -1.0359e-001
 -1.0373e-001
 -1.0380e-001
 -1.0380e-001
 -1.0373e-001
 -1.0359e-001
 -1.0337e-001
 -1.0310e-001
 -1.0276e-001
 -1.0235e-001
 -1.0189e-001
 -1.0136e-001
 -1.0078e-001
 -1.0015e-001
 -9.9457e-002
 -9.8717e-002
 -9.7929e-002
 -9.7094e-002
 -9.6214e-002
 -9.5292e-002
 -9.4329e-002
 -9.3328e-002
 -9.2290e-002
 -9.1218e-002
 -9.0114e-002
 -8.8979e-002
 -8.7815e-002
 -8.6626e-002
 -8.5412e-002
 -8.4175e-002
 -8.2918e-002
 -8.1642e-002
 -8.0348e-002
 -7.9040e-002
 -7.7718e-002
 -7.6385e-002
 -7.5041e-002
 -7.3689e-002
 -7.2330e-002
 -7.0966e-002
 -6.9598e-002
 -6.8228e-002
 -6.6857e-002
 -6.5486e-002
 -6.4117e-002
 -6.2751e-002
 -6.1389e-002
 -6.0032e-002
 -5.8682e-002
 -5.7340e-002
 -5.6006e-002
 -5.4682e-002
 -5.3369e-002
 -5.2066e-002
 -5.0776e-002
 -4.9500e-002
 -4.8236e-002
 -4.6988e-002
 -4.5754e-002
 -4.4536e-002
 -4.3335e-002
 -4.2150e-002
 -4.0983e-002
 -3.9833e-002
 -3.8702e-002
 -3.7589e-002
 -3.6495e-002
 -3.5420e-002
 -3.4364e-002
 -3.3328e-002
 -3.2312e-002
 -3.1316e-002
 -3.0339e-002
 -2.9383e-002
 -2.8448e-002
 -2.7532e-002
 -2.6637e-002
 -2.5762e-002
 -2.4907e-002
 -2.4072e-002
 -2.3257e-002
 -2.2463e-002
 -2.1688e-002
 -2.0933e-002
 -2.0197e-002
 -1.9481e-002
 -1.8784e-002
 -1.8105e-002
 -1.7446e-002
 -1.6805e-002
 -1.6182e-002
 -1.5577e-002
 -1.4990e-002
 -1.4420e-002
 -1.3868e-002
 -1.3332e-002
 -1.2813e-002
 -1.2310e-002
 -1.1823e-002
 -1.1352e-002
 -1.0896e-002
 -1.0455e-002
 -1.0028e-002
 -9.6163e-003
 -9.2182e-003
 -8.8339e-003
 -8.4629e-003
 -8.1049e-003
 -7.7597e-003
 -7.4268e-003
 -7.1060e-003
 -6.7969e-003
 -6.4993e-003
 -6.2127e-003
 -5.9370e-003
 -5.6717e-003
 -5.4166e-003
 -5.1714e-003
 -4.9357e-003
 -4.7094e-003
 -4.4920e-003
 -4.2834e-003
 -4.0832e-003
 -3.8912e-003
 -3.7070e-003
 -3.5305e-003
 -3.3614e-003
 -3.1994e-003
 -3.0443e-003
 -2.8958e-003
 -2.7537e-003
 -2.6178e-003
 -2.4878e-003
 -2.3635e-003
 -2.2448e-003
 -2.1314e-003
 -2.0231e-003
 -1.9197e-003
 -1.8210e-003
 -1.7268e-003
 -1.6370e-003
 -1.5514e-003
 -1.4698e-003
 -1.3920e-003
 -1.3179e-003
 -1.2474e-003
 -1.1802e-003
 -1.1163e-003
 -1.0555e-003
 -9.9765e-004
 -9.4264e-004
 -8.9035e-004
 -8.4064e-004
 -7.9341e-004
 -7.4854e-004
 -7.0592e-004
 -6.6545e-004
 -6.2703e-004
 -5.9056e-004
 -5.5595e-004
 -5.2311e-004
 -4.9195e-004
 -4.6238e-004
 -4.3433e-004
 -4.0773e-004
 -3.8249e-004
 -3.5854e-004
 -3.3582e-004
 -3.1426e-004
 -2.9380e-004
 -2.7438e-004
 -2.5593e-004
 -2.3840e-004
 -2.2174e-004
 -2.0590e-004
 -1.9081e-004
 -1.7644e-004
 -1.6273e-004
 -1.4965e-004
 -1.3714e-004
 -1.2517e-004
 -1.1368e-004
 -1.0265e-004
 -9.2020e-005
 -8.1766e-005
 -7.1845e-005
 -6.2219e-005
 -5.2851e-005
 -4.3703e-005
 -3.4740e-005
 -2.5925e-005
 -1.7221e-005
 -8.5918e-006
,   8.4882e-003
  2.8244e-003
  1.1972e-002
  1.5913e-002
  1.9812e-002
  2.3657e-002
  2.7440e-002
  3.1149e-002
  3.4775e-002
  3.8309e-002
  4.1740e-002
  4.5061e-002
  4.8261e-002
  5.1333e-002
  5.4269e-002
  5.7060e-002
  5.9700e-002
  6.2181e-002
  6.4497e-002
  6.6643e-002
  6.8612e-002
  7.0399e-002
  7.2001e-002
  7.3412e-002
  7.4630e-002
  7.5651e-002
  7.6472e-002
  7.7093e-002
  7.7512e-002
  7.7727e-002
  7.7738e-002
  7.7547e-002
  7.7152e-002
  7.6557e-002
  7.5762e-002
  7.4770e-002
  7.3584e-002
  7.2207e-002
  7.0644e-002
  6.8897e-002
  6.6974e-002
  6.4877e-002
  6.2615e-002
  6.0191e-002
  5.7614e-002
  5.4889e-002
  5.2025e-002
  4.9028e-002
  4.5907e-002
  4.2669e-002
  3.9324e-002
  3.5880e-002
  3.2345e-002
  2.8730e-002
  2.5042e-002
  2.1292e-002
  1.7489e-002
  1.3643e-002
  9.7626e-003
  5.8583e-003
  1.9396e-003
 -1.9839e-003
 -5.9025e-003
 -9.8068e-003
 -1.3687e-002
 -1.7534e-002
 -2.1339e-002
 -2.5092e-002
 -2.8786e-002
 -3.2410e-002
 -3.5957e-002
 -3.9418e-002
 -4.2786e-002
 -4.6053e-002
 -4.9212e-002
 -5.2255e-002
 -5.5177e-002
 -5.7970e-002
 -6.0629e-002
 -6.3148e-002
 -6.5522e-002
 -6.7746e-002
 -6.9816e-002
 -7.1727e-002
 -7.3477e-002
 -7.5061e-002
 -7.6477e-002
 -7.7723e-002
 -7.8796e-002
 -7.9696e-002
 -8.0420e-002
 -8.0968e-002
 -8.1340e-002
 -8.1537e-002
 -8.1557e-002
 -8.1403e-002
 -8.1075e-002
 -8.0576e-002
 -7.9906e-002
 -7.9069e-002
 -7.8068e-002
 -7.6904e-002
 -7.5582e-002
 -7.4104e-002
 -7.2476e-002
 -7.0702e-002
 -6.8785e-002
 -6.6730e-002
 -6.4543e-002
 -6.2228e-002
 -5.9792e-002
 -5.7239e-002
 -5.4575e-002
 -5.1806e-002
 -4.8938e-002
 -4.5978e-002
 -4.2931e-002
 -3.9804e-002
 -3.6604e-002
 -3.3336e-002
 -3.0007e-002
 -2.6624e-002
 -2.3193e-002
 -1.9720e-002
 -1.6213e-002
 -1.2677e-002
 -9.1196e-003
 -5.5462e-003
 -1.9633e-003
  1.6229e-003
  5.2064e-003
  8.7812e-003
  1.2342e-002
  1.5882e-002
  1.9396e-002
  2.2880e-002
  2.6327e-002
  2.9733e-002
  3.3093e-002
  3.6403e-002
  3.9657e-002
  4.2851e-002
  4.5982e-002
  4.9045e-002
  5.2038e-002
  5.4955e-002
  5.7795e-002
  6.0554e-002
  6.3230e-002
  6.5819e-002
  6.8319e-002
  7.0729e-002
  7.3046e-002
  7.5269e-002
  7.7396e-002
  7.9425e-002
  8.1357e-002
  8.3189e-002
  8.4921e-002
  8.6554e-002
  8.8085e-002
  8.9516e-002
  9.0846e-002
  9.2076e-002
  9.3205e-002
  9.4236e-002
  9.5168e-002
  9.6002e-002
  9.6739e-002
  9.7381e-002
  9.7929e-002
  9.8384e-002
  9.8748e-002
  9.9022e-002
  9.9209e-002
  9.9310e-002
  9.9327e-002
  9.9263e-002
  9.9119e-002
  9.8897e-002
  9.8600e-002
  9.8231e-002
  9.7791e-002
  9.7283e-002
  9.6710e-002
  9.6074e-002
  9.5377e-002
  9.4623e-002
  9.3813e-002
  9.2950e-002
  9.2037e-002
  9.1076e-002
  9.0071e-002
  8.9022e-002
  8.7934e-002
  8.6809e-002
  8.5648e-002
  8.4455e-002
  8.3232e-002
  8.1981e-002
  8.0705e-002
  7.9406e-002
  7.8086e-002
  7.6747e-002
  7.5393e-002
  7.4024e-002
  7.2643e-002
  7.1251e-002
  6.9852e-002
  6.8446e-002
  6.7036e-002
  6.5622e-002
  6.4208e-002
  6.2795e-002
  6.1384e-002
  5.9976e-002
  5.8574e-002
  5.7178e-002
  5.5790e-002
  5.4411e-002
  5.3042e-002
  5.1685e-002
  5.0340e-002
  4.9009e-002
  4.7692e-002
  4.6391e-002
  4.5106e-002
  4.3837e-002
  4.2587e-002
  4.1354e-002
  4.0141e-002
  3.8947e-002
  3.7772e-002
  3.6618e-002
  3.5485e-002
  3.4373e-002
  3.3283e-002
  3.2214e-002
  3.1167e-002
  3.0142e-002
  2.9139e-002
  2.8158e-002
  2.7200e-002
  2.6264e-002
  2.5350e-002
  2.4459e-002
  2.3590e-002
  2.2743e-002
  2.1918e-002
  2.1114e-002
  2.0333e-002
  1.9573e-002
  1.8834e-002
  1.8116e-002
  1.7419e-002
  1.6743e-002
  1.6086e-002
  1.5450e-002
  1.4833e-002
  1.4236e-002
  1.3657e-002
  1.3097e-002
  1.2555e-002
  1.2031e-002
  1.1524e-002
  1.1035e-002
  1.0562e-002
  1.0106e-002
  9.6657e-003
  9.2409e-003
  8.8313e-003
  8.4365e-003
  8.0561e-003
  7.6898e-003
  7.3370e-003
  6.9976e-003
  6.6710e-003
  6.3568e-003
  6.0548e-003
  5.7645e-003
  5.4856e-003
  5.2176e-003
  4.9603e-003
  4.7133e-003
  4.4761e-003
  4.2486e-003
  4.0303e-003
  3.8208e-003
  3.6200e-003
  3.4273e-003
  3.2426e-003
  3.0655e-003
  2.8956e-003
  2.7328e-003
  2.5766e-003
  2.4268e-003
  2.2832e-003
  2.1454e-003
  2.0131e-003
  1.8861e-003
  1.7641e-003
  1.6469e-003
  1.5342e-003
  1.4257e-003
  1.3212e-003
  1.2205e-003
  1.1233e-003
  1.0293e-003
  9.3838e-004
  8.5027e-004
  7.6472e-004
  6.8152e-004
  6.0042e-004
  5.2120e-004
  4.4364e-004
  3.6750e-004
  2.9255e-004
  2.1856e-004
  1.4530e-004
  7.2528e-005
, 