  4.8472e-002
  1.6037e-002
  6.7785e-002
  8.9202e-002
  1.0963e-001
  1.2887e-001
  1.4671e-001
  1.6299e-001
  1.7758e-001
  1.9035e-001
  2.0123e-001
  2.1017e-001
  2.1715e-001
  2.2218e-001
  2.2530e-001
  2.2658e-001
  2.2610e-001
  2.2398e-001
  2.2034e-001
  2.1533e-001
  2.0910e-001
  2.0181e-001
  1.9362e-001
  1.8470e-001
  1.7520e-001
  1.6529e-001
  1.5510e-001
  1.4479e-001
  1.3446e-001
  1.2424e-001
  1.1423e-001
  1.0451e-001
  9.5151e-002
  8.6218e-002
  7.7754e-002
  6.9793e-002
  6.2357e-002
  5.5456e-002
  4.9095e-002
  4.3266e-002
  3.7959e-002
  3.3153e-002
  2.8828e-002
  2.4956e-002
  2.1510e-002
  1.8459e-002
  1.5772e-002
  1.3417e-002
  1.1365e-002
  9.5860e-003
  8.0507e-003
  6.7326e-003
  5.6064e-003
  4.6489e-003
  3.8386e-003
  3.1563e-003
  2.5844e-003
  2.1073e-003
  1.7111e-003
  1.3837e-003
  1.1142e-003
  8.9353e-004
  7.1359e-004
  5.6753e-004
  4.4949e-004
  3.5453e-004
  2.7846e-004
  2.1779e-004
  1.6960e-004
  1.3149e-004
  1.0145e-004
  7.7870e-005
  5.9408e-005
  4.4980e-005
  3.3708e-005
  2.4876e-005
  1.7900e-005
  1.2303e-005
  7.6803e-006
  3.6853e-006
,  -5.9382e-002
 -1.9441e-002
 -8.1754e-002
 -1.0561e-001
 -1.2668e-001
 -1.4442e-001
 -1.5839e-001
 -1.6825e-001
 -1.7378e-001
 -1.7487e-001
 -1.7154e-001
 -1.6392e-001
 -1.5226e-001
 -1.3690e-001
 -1.1827e-001
 -9.6853e-002
 -7.3202e-002
 -4.7897e-002
 -2.1533e-002
  5.2952e-003
  3.2012e-002
  5.8076e-002
  8.2991e-002
  1.0632e-001
  1.2769e-001
  1.4679e-001
  1.6341e-001
  1.7738e-001
  1.8862e-001
  1.9712e-001
  2.0292e-001
  2.0613e-001
  2.0690e-001
  2.0541e-001
  2.0190e-001
  1.9660e-001
  1.8976e-001
  1.8164e-001
  1.7250e-001
  1.6259e-001
  1.5214e-001
  1.4138e-001
  1.3049e-001
  1.1966e-001
  1.0904e-001
  9.8739e-002
  8.8876e-002
  7.9527e-002
  7.0750e-002
  6.2586e-002
  5.5055e-002
  4.8165e-002
  4.1911e-002
  3.6274e-002
  3.1231e-002
  2.6749e-002
  2.2794e-002
  1.9324e-002
  1.6301e-002
  1.3682e-002
  1.1428e-002
  9.4977e-003
  7.8554e-003
  6.4656e-003
  5.2960e-003
  4.3170e-003
  3.5019e-003
  2.8267e-003
  2.2702e-003
  1.8137e-003
  1.4409e-003
  1.1377e-003
  8.9177e-004
  6.9277e-004
  5.3175e-004
  4.0105e-004
  2.9415e-004
  2.0538e-004
  1.2975e-004
  6.2719e-005
,    0.0661
   0.0214
   0.0896
   0.1136
   0.1328
   0.1465
   0.1541
   0.1553
   0.1502
   0.1389
   0.1219
   0.1000
   0.0742
   0.0453
   0.0147
  -0.0164
  -0.0470
  -0.0757
  -0.1016
  -0.1238
  -0.1415
  -0.1541
  -0.1612
  -0.1629
  -0.1590
  -0.1498
  -0.1358
  -0.1175
  -0.0956
  -0.0708
  -0.0440
  -0.0159
   0.0126
   0.0407
   0.0679
   0.0934
   0.1167
   0.1374
   0.1553
   0.1701
   0.1817
   0.1901
   0.1954
   0.1979
   0.1976
   0.1948
   0.1899
   0.1832
   0.1750
   0.1657
   0.1554
   0.1446
   0.1334
   0.1222
   0.1111
   0.1002
   0.0898
   0.0800
   0.0707
   0.0621
   0.0543
   0.0471
   0.0406
   0.0348
   0.0297
   0.0251
   0.0212
   0.0177
   0.0147
   0.0122
   0.0100
   0.0081
   0.0066
   0.0052
   0.0041
   0.0032
   0.0024
   0.0017
   0.0011
   0.0005
, 