   0.0082
   0.0027
   0.0116
   0.0154
   0.0192
   0.0230
   0.0268
   0.0305
   0.0343
   0.0379
   0.0416
   0.0452
   0.0487
   0.0522
   0.0557
   0.0591
   0.0624
   0.0657
   0.0689
   0.0720
   0.0751
   0.0781
   0.0810
   0.0838
   0.0865
   0.0892
   0.0918
   0.0943
   0.0967
   0.0990
   0.1012
   0.1033
   0.1053
   0.1073
   0.1091
   0.1108
   0.1125
   0.1140
   0.1154
   0.1168
   0.1180
   0.1191
   0.1202
   0.1211
   0.1219
   0.1227
   0.1233
   0.1239
   0.1243
   0.1247
   0.1249
   0.1251
   0.1252
   0.1252
   0.1251
   0.1249
   0.1246
   0.1243
   0.1239
   0.1234
   0.1228
   0.1221
   0.1214
   0.1206
   0.1197
   0.1188
   0.1178
   0.1168
   0.1157
   0.1145
   0.1133
   0.1120
   0.1107
   0.1094
   0.1080
   0.1066
   0.1051
   0.1036
   0.1020
   0.1005
   0.0989
   0.0972
   0.0956
   0.0939
   0.0923
   0.0906
   0.0889
   0.0871
   0.0854
   0.0837
   0.0819
   0.0802
   0.0784
   0.0767
   0.0749
   0.0732
   0.0714
   0.0697
   0.0680
   0.0663
   0.0646
   0.0629
   0.0612
   0.0595
   0.0579
   0.0562
   0.0546
   0.0530
   0.0515
   0.0499
   0.0484
   0.0469
   0.0454
   0.0439
   0.0425
   0.0411
   0.0397
   0.0383
   0.0370
   0.0356
   0.0344
   0.0331
   0.0318
   0.0306
   0.0294
   0.0283
   0.0271
   0.0260
   0.0249
   0.0238
   0.0228
   0.0218
   0.0208
   0.0198
   0.0189
   0.0179
   0.0170
   0.0161
   0.0153
   0.0144
   0.0136
   0.0128
   0.0120
   0.0112
   0.0105
   0.0098
   0.0090
   0.0083
   0.0076
   0.0069
   0.0063
   0.0056
   0.0050
   0.0043
   0.0037
   0.0031
   0.0024
   0.0018
   0.0012
   0.0006
,    0.0110
   0.0037
   0.0155
   0.0206
   0.0256
   0.0306
   0.0355
   0.0403
   0.0450
   0.0496
   0.0541
   0.0584
   0.0626
   0.0667
   0.0705
   0.0742
   0.0777
   0.0810
   0.0841
   0.0870
   0.0896
   0.0921
   0.0943
   0.0963
   0.0980
   0.0995
   0.1007
   0.1017
   0.1025
   0.1030
   0.1032
   0.1032
   0.1030
   0.1025
   0.1017
   0.1007
   0.0995
   0.0980
   0.0963
   0.0944
   0.0922
   0.0898
   0.0872
   0.0844
   0.0815
   0.0783
   0.0749
   0.0714
   0.0677
   0.0639
   0.0599
   0.0558
   0.0515
   0.0472
   0.0427
   0.0381
   0.0335
   0.0288
   0.0240
   0.0192
   0.0143
   0.0094
   0.0045
  -0.0004
  -0.0053
  -0.0102
  -0.0151
  -0.0200
  -0.0248
  -0.0296
  -0.0343
  -0.0389
  -0.0435
  -0.0480
  -0.0524
  -0.0567
  -0.0609
  -0.0650
  -0.0690
  -0.0728
  -0.0765
  -0.0801
  -0.0835
  -0.0868
  -0.0900
  -0.0930
  -0.0958
  -0.0985
  -0.1010
  -0.1034
  -0.1056
  -0.1076
  -0.1095
  -0.1112
  -0.1128
  -0.1142
  -0.1154
  -0.1164
  -0.1173
  -0.1181
  -0.1186
  -0.1191
  -0.1193
  -0.1195
  -0.1194
  -0.1192
  -0.1189
  -0.1185
  -0.1179
  -0.1172
  -0.1163
  -0.1154
  -0.1143
  -0.1131
  -0.1118
  -0.1103
  -0.1088
  -0.1072
  -0.1055
  -0.1037
  -0.1018
  -0.0999
  -0.0979
  -0.0958
  -0.0936
  -0.0914
  -0.0891
  -0.0868
  -0.0844
  -0.0820
  -0.0795
  -0.0770
  -0.0745
  -0.0719
  -0.0693
  -0.0667
  -0.0641
  -0.0614
  -0.0587
  -0.0561
  -0.0534
  -0.0507
  -0.0480
  -0.0453
  -0.0426
  -0.0399
  -0.0372
  -0.0345
  -0.0318
  -0.0291
  -0.0265
  -0.0238
  -0.0211
  -0.0185
  -0.0158
  -0.0132
  -0.0105
  -0.0079
  -0.0053
  -0.0026
,    0.0148
   0.0049
   0.0208
   0.0276
   0.0343
   0.0408
   0.0472
   0.0533
   0.0592
   0.0648
   0.0702
   0.0752
   0.0798
   0.0842
   0.0881
   0.0917
   0.0948
   0.0975
   0.0998
   0.1016
   0.1030
   0.1039
   0.1044
   0.1044
   0.1039
   0.1030
   0.1016
   0.0998
   0.0975
   0.0948
   0.0917
   0.0882
   0.0843
   0.0800
   0.0754
   0.0704
   0.0652
   0.0596
   0.0538
   0.0478
   0.0415
   0.0351
   0.0286
   0.0219
   0.0151
   0.0082
   0.0014
  -0.0055
  -0.0124
  -0.0192
  -0.0260
  -0.0326
  -0.0391
  -0.0454
  -0.0515
  -0.0574
  -0.0631
  -0.0686
  -0.0737
  -0.0785
  -0.0831
  -0.0873
  -0.0911
  -0.0946
  -0.0977
  -0.1003
  -0.1026
  -0.1045
  -0.1060
  -0.1071
  -0.1077
  -0.1080
  -0.1078
  -0.1071
  -0.1061
  -0.1047
  -0.1029
  -0.1007
  -0.0981
  -0.0951
  -0.0918
  -0.0881
  -0.0841
  -0.0799
  -0.0753
  -0.0704
  -0.0653
  -0.0600
  -0.0544
  -0.0486
  -0.0427
  -0.0366
  -0.0305
  -0.0241
  -0.0178
  -0.0113
  -0.0048
   0.0017
   0.0082
   0.0146
   0.0211
   0.0274
   0.0337
   0.0398
   0.0459
   0.0518
   0.0575
   0.0630
   0.0684
   0.0735
   0.0784
   0.0831
   0.0875
   0.0917
   0.0956
   0.0992
   0.1026
   0.1056
   0.1084
   0.1109
   0.1130
   0.1148
   0.1164
   0.1176
   0.1185
   0.1191
   0.1194
   0.1194
   0.1191
   0.1185
   0.1176
   0.1165
   0.1150
   0.1133
   0.1113
   0.1091
   0.1066
   0.1039
   0.1009
   0.0978
   0.0944
   0.0909
   0.0871
   0.0832
   0.0791
   0.0749
   0.0705
   0.0660
   0.0613
   0.0566
   0.0517
   0.0468
   0.0418
   0.0367
   0.0316
   0.0264
   0.0212
   0.0159
   0.0106
   0.0053
, 