  -0.0004
   0.0012
   0.0017
   0.0022
   0.0028
   0.0033
   0.0039
   0.0044
   0.0050
   0.0055
   0.0061
   0.0066
   0.0072
   0.0077
   0.0083
   0.0088
   0.0094
   0.0099
   0.0105
   0.0110
   0.0116
   0.0121
   0.0127
   0.0132
   0.0137
   0.0143
   0.0148
   0.0154
   0.0159
   0.0164
   0.0170
   0.0175
   0.0181
   0.0186
   0.0191
   0.0197
   0.0202
   0.0207
   0.0212
   0.0218
   0.0223
   0.0228
   0.0233
   0.0239
   0.0244
   0.0249
   0.0254
   0.0259
   0.0264
   0.0270
   0.0275
   0.0280
   0.0285
   0.0290
   0.0295
   0.0300
   0.0305
   0.0310
   0.0315
   0.0320
   0.0325
   0.0330
   0.0335
   0.0339
   0.0344
   0.0349
   0.0354
   0.0359
   0.0363
   0.0368
   0.0373
   0.0378
   0.0382
   0.0387
   0.0391
   0.0396
   0.0401
   0.0405
   0.0410
   0.0414
   0.0419
   0.0423
   0.0428
   0.0432
   0.0436
   0.0441
   0.0445
   0.0449
   0.0453
   0.0458
   0.0462
   0.0466
   0.0470
   0.0474
   0.0478
   0.0482
   0.0487
   0.0490
   0.0494
   0.0498
   0.0502
   0.0506
   0.0510
   0.0514
   0.0518
   0.0521
   0.0525
   0.0529
   0.0532
   0.0536
   0.0540
   0.0543
   0.0547
   0.0550
   0.0554
   0.0557
   0.0560
   0.0564
   0.0567
   0.0570
   0.0574
   0.0577
   0.0580
   0.0583
   0.0586
   0.0589
   0.0592
   0.0595
   0.0598
   0.0601
   0.0604
   0.0607
   0.0610
   0.0613
   0.0615
   0.0618
   0.0621
   0.0623
   0.0626
   0.0628
   0.0631
   0.0633
   0.0636
   0.0638
   0.0641
   0.0643
   0.0645
   0.0647
   0.0650
   0.0652
   0.0654
   0.0656
   0.0658
   0.0660
   0.0662
   0.0664
   0.0666
   0.0667
   0.0669
   0.0671
   0.0673
   0.0674
   0.0676
   0.0678
   0.0679
   0.0681
   0.0682
   0.0683
   0.0685
   0.0686
   0.0687
   0.0689
   0.0690
   0.0691
   0.0692
   0.0693
   0.0694
   0.0695
   0.0696
   0.0697
   0.0698
   0.0699
   0.0700
   0.0700
   0.0701
   0.0702
   0.0702
   0.0703
   0.0703
   0.0704
   0.0704
   0.0705
   0.0705
   0.0705
   0.0706
   0.0706
   0.0706
   0.0706
   0.0706
   0.0706
   0.0706
   0.0706
   0.0706
   0.0706
   0.0706
   0.0706
   0.0705
   0.0705
   0.0705
   0.0704
   0.0704
   0.0703
   0.0703
   0.0702
   0.0702
   0.0701
   0.0700
   0.0700
   0.0699
   0.0698
   0.0697
   0.0696
   0.0695
   0.0694
   0.0693
   0.0692
   0.0691
   0.0690
   0.0689
   0.0687
   0.0686
   0.0685
   0.0683
   0.0682
   0.0681
   0.0679
   0.0678
   0.0676
   0.0674
   0.0673
   0.0671
   0.0669
   0.0667
   0.0666
   0.0664
   0.0662
   0.0660
   0.0658
   0.0656
   0.0654
   0.0652
   0.0650
   0.0647
   0.0645
   0.0643
   0.0641
   0.0638
   0.0636
   0.0633
   0.0631
   0.0628
   0.0626
   0.0623
   0.0621
   0.0618
   0.0615
   0.0613
   0.0610
   0.0607
   0.0604
   0.0601
   0.0598
   0.0595
   0.0592
   0.0589
   0.0586
   0.0583
   0.0580
   0.0577
   0.0574
   0.0570
   0.0567
   0.0564
   0.0560
   0.0557
   0.0554
   0.0550
   0.0547
   0.0543
   0.0540
   0.0536
   0.0532
   0.0529
   0.0525
   0.0521
   0.0518
   0.0514
   0.0510
   0.0506
   0.0502
   0.0498
   0.0494
   0.0490
   0.0487
   0.0482
   0.0478
   0.0474
   0.0470
   0.0466
   0.0462
   0.0458
   0.0453
   0.0449
   0.0445
   0.0441
   0.0436
   0.0432
   0.0428
   0.0423
   0.0419
   0.0414
   0.0410
   0.0405
   0.0401
   0.0396
   0.0391
   0.0387
   0.0382
   0.0378
   0.0373
   0.0368
   0.0363
   0.0359
   0.0354
   0.0349
   0.0344
   0.0339
   0.0335
   0.0330
   0.0325
   0.0320
   0.0315
   0.0310
   0.0305
   0.0300
   0.0295
   0.0290
   0.0285
   0.0280
   0.0275
   0.0270
   0.0264
   0.0259
   0.0254
   0.0249
   0.0244
   0.0239
   0.0233
   0.0228
   0.0223
   0.0218
   0.0212
   0.0207
   0.0202
   0.0197
   0.0191
   0.0186
   0.0181
   0.0175
   0.0170
   0.0164
   0.0159
   0.0154
   0.0148
   0.0143
   0.0137
   0.0132
   0.0127
   0.0121
   0.0116
   0.0110
   0.0105
   0.0099
   0.0094
   0.0088
   0.0083
   0.0077
   0.0072
   0.0066
   0.0061
   0.0055
   0.0050
   0.0044
   0.0039
   0.0033
   0.0028
   0.0022
   0.0017
   0.0011
   0.0006
,    0.0008
  -0.0023
  -0.0033
  -0.0044
  -0.0055
  -0.0066
  -0.0077
  -0.0088
  -0.0099
  -0.0110
  -0.0121
  -0.0132
  -0.0143
  -0.0154
  -0.0164
  -0.0175
  -0.0186
  -0.0197
  -0.0207
  -0.0218
  -0.0228
  -0.0239
  -0.0249
  -0.0259
  -0.0270
  -0.0280
  -0.0290
  -0.0300
  -0.0310
  -0.0320
  -0.0330
  -0.0339
  -0.0349
  -0.0359
  -0.0368
  -0.0378
  -0.0387
  -0.0396
  -0.0405
  -0.0414
  -0.0423
  -0.0432
  -0.0441
  -0.0449
  -0.0458
  -0.0466
  -0.0474
  -0.0482
  -0.0490
  -0.0498
  -0.0506
  -0.0514
  -0.0521
  -0.0529
  -0.0536
  -0.0543
  -0.0550
  -0.0557
  -0.0564
  -0.0570
  -0.0577
  -0.0583
  -0.0589
  -0.0595
  -0.0601
  -0.0607
  -0.0613
  -0.0618
  -0.0623
  -0.0628
  -0.0633
  -0.0638
  -0.0643
  -0.0647
  -0.0652
  -0.0656
  -0.0660
  -0.0664
  -0.0667
  -0.0671
  -0.0674
  -0.0678
  -0.0681
  -0.0683
  -0.0686
  -0.0689
  -0.0691
  -0.0693
  -0.0695
  -0.0697
  -0.0699
  -0.0700
  -0.0702
  -0.0703
  -0.0704
  -0.0705
  -0.0705
  -0.0706
  -0.0706
  -0.0706
  -0.0706
  -0.0706
  -0.0706
  -0.0705
  -0.0704
  -0.0703
  -0.0702
  -0.0701
  -0.0700
  -0.0698
  -0.0696
  -0.0694
  -0.0692
  -0.0690
  -0.0687
  -0.0685
  -0.0682
  -0.0679
  -0.0676
  -0.0673
  -0.0669
  -0.0666
  -0.0662
  -0.0658
  -0.0654
  -0.0650
  -0.0645
  -0.0641
  -0.0636
  -0.0631
  -0.0626
  -0.0621
  -0.0615
  -0.0610
  -0.0604
  -0.0598
  -0.0592
  -0.0586
  -0.0580
  -0.0574
  -0.0567
  -0.0560
  -0.0554
  -0.0547
  -0.0540
  -0.0532
  -0.0525
  -0.0518
  -0.0510
  -0.0502
  -0.0494
  -0.0487
  -0.0478
  -0.0470
  -0.0462
  -0.0453
  -0.0445
  -0.0436
  -0.0428
  -0.0419
  -0.0410
  -0.0401
  -0.0391
  -0.0382
  -0.0373
  -0.0363
  -0.0354
  -0.0344
  -0.0335
  -0.0325
  -0.0315
  -0.0305
  -0.0295
  -0.0285
  -0.0275
  -0.0264
  -0.0254
  -0.0244
  -0.0233
  -0.0223
  -0.0212
  -0.0202
  -0.0191
  -0.0181
  -0.0170
  -0.0159
  -0.0148
  -0.0137
  -0.0127
  -0.0116
  -0.0105
  -0.0094
  -0.0083
  -0.0072
  -0.0061
  -0.0050
  -0.0039
  -0.0028
  -0.0017
  -0.0006
   0.0006
   0.0017
   0.0028
   0.0039
   0.0050
   0.0061
   0.0072
   0.0083
   0.0094
   0.0105
   0.0116
   0.0127
   0.0137
   0.0148
   0.0159
   0.0170
   0.0181
   0.0191
   0.0202
   0.0212
   0.0223
   0.0233
   0.0244
   0.0254
   0.0264
   0.0275
   0.0285
   0.0295
   0.0305
   0.0315
   0.0325
   0.0335
   0.0344
   0.0354
   0.0363
   0.0373
   0.0382
   0.0391
   0.0401
   0.0410
   0.0419
   0.0428
   0.0436
   0.0445
   0.0453
   0.0462
   0.0470
   0.0478
   0.0487
   0.0494
   0.0502
   0.0510
   0.0518
   0.0525
   0.0532
   0.0540
   0.0547
   0.0554
   0.0560
   0.0567
   0.0574
   0.0580
   0.0586
   0.0592
   0.0598
   0.0604
   0.0610
   0.0615
   0.0621
   0.0626
   0.0631
   0.0636
   0.0641
   0.0645
   0.0650
   0.0654
   0.0658
   0.0662
   0.0666
   0.0669
   0.0673
   0.0676
   0.0679
   0.0682
   0.0685
   0.0687
   0.0690
   0.0692
   0.0694
   0.0696
   0.0698
   0.0700
   0.0701
   0.0702
   0.0703
   0.0704
   0.0705
   0.0706
   0.0706
   0.0706
   0.0706
   0.0706
   0.0706
   0.0705
   0.0705
   0.0704
   0.0703
   0.0702
   0.0700
   0.0699
   0.0697
   0.0695
   0.0693
   0.0691
   0.0689
   0.0686
   0.0683
   0.0681
   0.0678
   0.0674
   0.0671
   0.0667
   0.0664
   0.0660
   0.0656
   0.0652
   0.0647
   0.0643
   0.0638
   0.0633
   0.0628
   0.0623
   0.0618
   0.0613
   0.0607
   0.0601
   0.0595
   0.0589
   0.0583
   0.0577
   0.0570
   0.0564
   0.0557
   0.0550
   0.0543
   0.0536
   0.0529
   0.0521
   0.0514
   0.0506
   0.0498
   0.0490
   0.0482
   0.0474
   0.0466
   0.0458
   0.0449
   0.0441
   0.0432
   0.0423
   0.0414
   0.0405
   0.0396
   0.0387
   0.0378
   0.0368
   0.0359
   0.0349
   0.0339
   0.0330
   0.0320
   0.0310
   0.0300
   0.0290
   0.0280
   0.0270
   0.0259
   0.0249
   0.0239
   0.0228
   0.0218
   0.0207
   0.0197
   0.0186
   0.0175
   0.0164
   0.0154
   0.0143
   0.0132
   0.0121
   0.0110
   0.0099
   0.0088
   0.0077
   0.0066
   0.0055
   0.0044
   0.0033
   0.0022
   0.0011
,   -0.0012
   0.0035
   0.0050
   0.0066
   0.0083
   0.0099
   0.0116
   0.0132
   0.0148
   0.0164
   0.0181
   0.0197
   0.0212
   0.0228
   0.0244
   0.0259
   0.0275
   0.0290
   0.0305
   0.0320
   0.0335
   0.0349
   0.0363
   0.0378
   0.0391
   0.0405
   0.0419
   0.0432
   0.0445
   0.0458
   0.0470
   0.0482
   0.0494
   0.0506
   0.0518
   0.0529
   0.0540
   0.0550
   0.0560
   0.0570
   0.0580
   0.0589
   0.0598
   0.0607
   0.0615
   0.0623
   0.0631
   0.0638
   0.0645
   0.0652
   0.0658
   0.0664
   0.0669
   0.0674
   0.0679
   0.0683
   0.0687
   0.0691
   0.0694
   0.0697
   0.0700
   0.0702
   0.0703
   0.0705
   0.0706
   0.0706
   0.0706
   0.0706
   0.0705
   0.0704
   0.0703
   0.0701
   0.0699
   0.0696
   0.0693
   0.0690
   0.0686
   0.0682
   0.0678
   0.0673
   0.0667
   0.0662
   0.0656
   0.0650
   0.0643
   0.0636
   0.0628
   0.0621
   0.0613
   0.0604
   0.0595
   0.0586
   0.0577
   0.0567
   0.0557
   0.0547
   0.0536
   0.0525
   0.0514
   0.0502
   0.0490
   0.0478
   0.0466
   0.0453
   0.0441
   0.0428
   0.0414
   0.0401
   0.0387
   0.0373
   0.0359
   0.0344
   0.0330
   0.0315
   0.0300
   0.0285
   0.0270
   0.0254
   0.0239
   0.0223
   0.0207
   0.0191
   0.0175
   0.0159
   0.0143
   0.0127
   0.0110
   0.0094
   0.0077
   0.0061
   0.0044
   0.0028
   0.0011
  -0.0006
  -0.0022
  -0.0039
  -0.0055
  -0.0072
  -0.0088
  -0.0105
  -0.0121
  -0.0137
  -0.0154
  -0.0170
  -0.0186
  -0.0202
  -0.0218
  -0.0233
  -0.0249
  -0.0264
  -0.0280
  -0.0295
  -0.0310
  -0.0325
  -0.0339
  -0.0354
  -0.0368
  -0.0382
  -0.0396
  -0.0410
  -0.0423
  -0.0436
  -0.0449
  -0.0462
  -0.0474
  -0.0487
  -0.0498
  -0.0510
  -0.0521
  -0.0532
  -0.0543
  -0.0554
  -0.0564
  -0.0574
  -0.0583
  -0.0592
  -0.0601
  -0.0610
  -0.0618
  -0.0626
  -0.0633
  -0.0641
  -0.0647
  -0.0654
  -0.0660
  -0.0666
  -0.0671
  -0.0676
  -0.0681
  -0.0685
  -0.0689
  -0.0692
  -0.0695
  -0.0698
  -0.0700
  -0.0702
  -0.0704
  -0.0705
  -0.0706
  -0.0706
  -0.0706
  -0.0706
  -0.0705
  -0.0704
  -0.0702
  -0.0700
  -0.0698
  -0.0695
  -0.0692
  -0.0689
  -0.0685
  -0.0681
  -0.0676
  -0.0671
  -0.0666
  -0.0660
  -0.0654
  -0.0647
  -0.0641
  -0.0633
  -0.0626
  -0.0618
  -0.0610
  -0.0601
  -0.0592
  -0.0583
  -0.0574
  -0.0564
  -0.0554
  -0.0543
  -0.0532
  -0.0521
  -0.0510
  -0.0498
  -0.0487
  -0.0474
  -0.0462
  -0.0449
  -0.0436
  -0.0423
  -0.0410
  -0.0396
  -0.0382
  -0.0368
  -0.0354
  -0.0339
  -0.0325
  -0.0310
  -0.0295
  -0.0280
  -0.0264
  -0.0249
  -0.0233
  -0.0218
  -0.0202
  -0.0186
  -0.0170
  -0.0154
  -0.0137
  -0.0121
  -0.0105
  -0.0088
  -0.0072
  -0.0055
  -0.0039
  -0.0022
  -0.0006
   0.0011
   0.0028
   0.0044
   0.0061
   0.0077
   0.0094
   0.0110
   0.0127
   0.0143
   0.0159
   0.0175
   0.0191
   0.0207
   0.0223
   0.0239
   0.0254
   0.0270
   0.0285
   0.0300
   0.0315
   0.0330
   0.0344
   0.0359
   0.0373
   0.0387
   0.0401
   0.0414
   0.0428
   0.0441
   0.0453
   0.0466
   0.0478
   0.0490
   0.0502
   0.0514
   0.0525
   0.0536
   0.0547
   0.0557
   0.0567
   0.0577
   0.0586
   0.0595
   0.0604
   0.0613
   0.0621
   0.0628
   0.0636
   0.0643
   0.0650
   0.0656
   0.0662
   0.0667
   0.0673
   0.0678
   0.0682
   0.0686
   0.0690
   0.0693
   0.0696
   0.0699
   0.0701
   0.0703
   0.0704
   0.0705
   0.0706
   0.0706
   0.0706
   0.0706
   0.0705
   0.0703
   0.0702
   0.0700
   0.0697
   0.0694
   0.0691
   0.0687
   0.0683
   0.0679
   0.0674
   0.0669
   0.0664
   0.0658
   0.0652
   0.0645
   0.0638
   0.0631
   0.0623
   0.0615
   0.0607
   0.0598
   0.0589
   0.0580
   0.0570
   0.0560
   0.0550
   0.0540
   0.0529
   0.0518
   0.0506
   0.0494
   0.0482
   0.0470
   0.0458
   0.0445
   0.0432
   0.0419
   0.0405
   0.0391
   0.0378
   0.0363
   0.0349
   0.0335
   0.0320
   0.0305
   0.0290
   0.0275
   0.0259
   0.0244
   0.0228
   0.0212
   0.0197
   0.0181
   0.0164
   0.0148
   0.0132
   0.0116
   0.0099
   0.0083
   0.0066
   0.0050
   0.0033
   0.0017
, 