   0.0358
   0.0119
   0.0504
   0.0667
   0.0826
   0.0981
   0.1129
   0.1271
   0.1406
   0.1532
   0.1650
   0.1757
   0.1855
   0.1941
   0.2016
   0.2079
   0.2130
   0.2169
   0.2194
   0.2207
   0.2207
   0.2194
   0.2168
   0.2129
   0.2078
   0.2015
   0.1940
   0.1853
   0.1756
   0.1648
   0.1531
   0.1404
   0.1270
   0.1128
   0.0979
   0.0825
   0.0666
   0.0503
   0.0337
   0.0169
,   -0.0710
  -0.0233
  -0.0980
  -0.1271
  -0.1532
  -0.1757
  -0.1940
  -0.2079
  -0.2168
  -0.2207
  -0.2194
  -0.2129
  -0.2015
  -0.1853
  -0.1648
  -0.1404
  -0.1127
  -0.0824
  -0.0502
  -0.0168
   0.0171
   0.0505
   0.0827
   0.1130
   0.1406
   0.1650
   0.1855
   0.2016
   0.2130
   0.2194
   0.2207
   0.2168
   0.2079
   0.1940
   0.1756
   0.1531
   0.1270
   0.0980
   0.0666
   0.0337
,    0.1049
   0.0337
   0.1405
   0.1757
   0.2015
   0.2168
   0.2207
   0.2129
   0.1940
   0.1648
   0.1270
   0.0825
   0.0336
  -0.0170
  -0.0667
  -0.1129
  -0.1532
  -0.1854
  -0.2079
  -0.2194
  -0.2194
  -0.2078
  -0.1853
  -0.1531
  -0.1128
  -0.0665
  -0.0168
   0.0338
   0.0827
   0.1271
   0.1649
   0.1941
   0.2130
   0.2207
   0.2168
   0.2015
   0.1756
   0.1405
   0.0980
   0.0503
, 