   3.4899e-02
   1.1577e-02
   4.8999e-02
   6.4782e-02
   8.0100e-02
   9.4848e-02
   1.0893e-01
   1.2224e-01
   1.3471e-01
   1.4626e-01
   1.5683e-01
   1.6637e-01
   1.7483e-01
   1.8218e-01
   1.8842e-01
   1.9352e-01
   1.9749e-01
   2.0036e-01
   2.0214e-01
   2.0287e-01
   2.0260e-01
   2.0137e-01
   1.9923e-01
   1.9627e-01
   1.9253e-01
   1.8810e-01
   1.8304e-01
   1.7744e-01
   1.7136e-01
   1.6489e-01
   1.5809e-01
   1.5103e-01
   1.4380e-01
   1.3645e-01
   1.2904e-01
   1.2163e-01
   1.1427e-01
   1.0702e-01
   9.9905e-02
   9.2973e-02
   8.6253e-02
   7.9772e-02
   7.3554e-02
   6.7616e-02
   6.1971e-02
   5.6628e-02
   5.1593e-02
   4.6868e-02
   4.2451e-02
   3.8340e-02
   3.4526e-02
   3.1003e-02
   2.7760e-02
   2.4786e-02
   2.2067e-02
   1.9592e-02
   1.7346e-02
   1.5314e-02
   1.3483e-02
   1.1837e-02
   1.0364e-02
   9.0496e-03
   7.8799e-03
   6.8427e-03
   5.9258e-03
   5.1178e-03
   4.4080e-03
   3.7863e-03
   3.2436e-03
   2.7712e-03
   2.3612e-03
   2.0065e-03
   1.7005e-03
   1.4373e-03
   1.2116e-03
   1.0187e-03
   8.5416e-04
   7.1433e-04
   5.9581e-04
   4.9564e-04
   4.1122e-04
   3.4028e-04
   2.8084e-04
   2.3118e-04
   1.8980e-04
   1.5541e-04
   1.2693e-04
   1.0339e-04
   8.4000e-05
   6.8068e-05
   5.5014e-05
   4.4348e-05
   3.5657e-05
   2.8595e-05
   2.2872e-05
   1.8248e-05
   1.4520e-05
   1.1524e-05
   9.1231e-06
   7.2036e-06
   5.6732e-06
   4.4565e-06
   3.4917e-06
   2.7288e-06
   2.1271e-06
   1.6538e-06
   1.2825e-06
   9.9205e-07
   7.6540e-07
   5.8903e-07
   4.5215e-07
   3.4619e-07
   2.6439e-07
   2.0140e-07
   1.5303e-07
   1.1598e-07
   8.7680e-08
   6.6117e-08
   4.9733e-08
   3.7312e-08
   2.7923e-08
   2.0845e-08
   1.5524e-08
   1.1533e-08
   8.5442e-09
   6.3147e-09
   4.6548e-09
   3.4240e-09
   2.5158e-09
   1.8444e-09
   1.3455e-09
   9.8216e-10
   7.1362e-10
   5.1533e-10
   3.7258e-10
   2.6844e-10
   1.9727e-10
   1.4476e-10
   1.0180e-10
   6.6818e-11
   4.4410e-11
   3.4314e-11
   2.8472e-11
   1.9794e-11
   1.1814e-11
   6.4953e-12
   4.1760e-12
   5.8772e-12
   7.4149e-12
   6.5463e-12
   4.8189e-12
   2.6055e-12
  -1.8757e-12
   7.8991e-14
   5.6457e-12
   7.3556e-12
   3.3821e-12
  -3.1083e-12
  -5.1079e-12
  -2.1747e-12
  -7.0726e-13
  -1.8329e-12
  -2.9632e-12
  -3.8947e-12
  -7.0060e-13
  -3.2015e-12
  -6.3212e-12
  -2.5448e-12
  -6.4854e-13
   8.9525e-13
   1.2470e-13
  -1.8219e-12
  -1.0737e-12
   2.6374e-12
   4.8693e-12
   4.8414e-12
   3.9081e-12
   2.1749e-12
   2.2522e-12
  -8.8685e-13
   1.6974e-12
   7.8369e-12
   6.9939e-12
   4.8585e-12
   2.0798e-13
  -1.8666e-12
   1.4515e-12
   4.9589e-12
   3.5059e-12
   7.4540e-14
  -1.2500e-12
  -1.3825e-12
   1.6370e-12
   1.7643e-12
   2.3475e-12
   1.6456e-12
  -9.7637e-13
  -6.6202e-14
  -2.1219e-12
  -2.0240e-12
,   -4.2796e-02
  -1.4102e-02
  -5.9490e-02
  -7.7733e-02
  -9.4653e-02
  -1.0997e-01
  -1.2342e-01
  -1.3479e-01
  -1.4391e-01
  -1.5062e-01
  -1.5484e-01
  -1.5652e-01
  -1.5563e-01
  -1.5224e-01
  -1.4640e-01
  -1.3824e-01
  -1.2792e-01
  -1.1562e-01
  -1.0155e-01
  -8.5960e-02
  -6.9092e-02
  -5.1217e-02
  -3.2609e-02
  -1.3543e-02
   5.7096e-03
   2.4885e-02
   4.3733e-02
   6.2019e-02
   7.9529e-02
   9.6071e-02
   1.1148e-01
   1.2561e-01
   1.3835e-01
   1.4961e-01
   1.5934e-01
   1.6750e-01
   1.7408e-01
   1.7910e-01
   1.8260e-01
   1.8462e-01
   1.8525e-01
   1.8457e-01
   1.8267e-01
   1.7968e-01
   1.7569e-01
   1.7082e-01
   1.6521e-01
   1.5895e-01
   1.5218e-01
   1.4500e-01
   1.3752e-01
   1.2985e-01
   1.2206e-01
   1.1426e-01
   1.0651e-01
   9.8881e-02
   9.1436e-02
   8.4222e-02
   7.7280e-02
   7.0644e-02
   6.4339e-02
   5.8383e-02
   5.2788e-02
   4.7560e-02
   4.2699e-02
   3.8203e-02
   3.4063e-02
   3.0270e-02
   2.6808e-02
   2.3664e-02
   2.0820e-02
   1.8258e-02
   1.5960e-02
   1.3906e-02
   1.2078e-02
   1.0458e-02
   9.0261e-03
   7.7662e-03
   6.6615e-03
   5.6964e-03
   4.8562e-03
   4.1274e-03
   3.4974e-03
   2.9546e-03
   2.4886e-03
   2.0898e-03
   1.7498e-03
   1.4608e-03
   1.2159e-03
   1.0091e-03
   8.3504e-04
   6.8900e-04
   5.6686e-04
   4.6503e-04
   3.8039e-04
   3.1027e-04
   2.5236e-04
   2.0467e-04
   1.6552e-04
   1.3348e-04
   1.0734e-04
   8.6081e-05
   6.8836e-05
   5.4892e-05
   4.3651e-05
   3.4615e-05
   2.7374e-05
   2.1588e-05
   1.6977e-05
   1.3315e-05
   1.0414e-05
   8.1225e-06
   6.3180e-06
   4.9010e-06
   3.7914e-06
   2.9250e-06
   2.2505e-06
   1.7269e-06
   1.3215e-06
   1.0085e-06
   7.6758e-07
   5.8264e-07
   4.4107e-07
   3.3300e-07
   2.5073e-07
   1.8828e-07
   1.4101e-07
   1.0532e-07
   7.8459e-08
   5.8290e-08
   4.3188e-08
   3.1915e-08
   2.3526e-08
   1.7294e-08
   1.2679e-08
   9.2694e-09
   6.7539e-09
   4.9112e-09
   3.5625e-09
   2.5751e-09
   1.8562e-09
   1.3335e-09
   9.5583e-10
   6.8557e-10
   4.8892e-10
   3.4566e-10
   2.4207e-10
   1.7097e-10
   1.2466e-10
   8.9044e-11
   6.4362e-11
   4.5519e-11
   3.2338e-11
   2.5676e-11
   1.8235e-11
   1.3060e-11
   5.2950e-12
  -6.7679e-14
   6.2272e-13
   4.1702e-13
   1.5914e-12
   1.9621e-12
  -3.4683e-12
  -4.5885e-12
  -3.2079e-13
  -6.7010e-13
   7.5905e-15
  -7.2292e-13
  -3.2691e-12
   1.1100e-13
   4.6597e-12
   5.3889e-12
   1.8530e-12
   8.9108e-13
   1.6447e-13
  -1.5402e-12
   2.1461e-12
   2.1427e-12
  -4.6373e-13
   1.9021e-12
   2.8161e-12
   1.6477e-12
   3.3202e-12
   1.4657e-12
  -3.3879e-12
  -4.0214e-12
  -3.2956e-12
  -2.0994e-12
  -1.7738e-12
  -1.8889e-12
  -2.1034e-12
  -1.3122e-12
   2.5185e-12
   1.1335e-12
  -2.9129e-12
  -3.9973e-12
  -5.8841e-12
  -4.8855e-12
  -1.7013e-12
  -1.0235e-12
,    4.7754e-02
   1.5629e-02
   6.5714e-02
   8.4840e-02
   1.0168e-01
   1.1580e-01
   1.2681e-01
   1.3443e-01
   1.3847e-01
   1.3883e-01
   1.3552e-01
   1.2865e-01
   1.1840e-01
   1.0507e-01
   8.9013e-02
   7.0671e-02
   5.0523e-02
   2.9093e-02
   6.9328e-03
  -1.5401e-02
  -3.7354e-02
  -5.8394e-02
  -7.8020e-02
  -9.5780e-02
  -1.1128e-01
  -1.2417e-01
  -1.3421e-01
  -1.4119e-01
  -1.4501e-01
  -1.4564e-01
  -1.4310e-01
  -1.3751e-01
  -1.2905e-01
  -1.1793e-01
  -1.0443e-01
  -8.8874e-02
  -7.1603e-02
  -5.2982e-02
  -3.3386e-02
  -1.3192e-02
   7.2327e-03
   2.7535e-02
   4.7384e-02
   6.6478e-02
   8.4549e-02
   1.0136e-01
   1.1673e-01
   1.3049e-01
   1.4254e-01
   1.5280e-01
   1.6123e-01
   1.6784e-01
   1.7265e-01
   1.7573e-01
   1.7715e-01
   1.7703e-01
   1.7548e-01
   1.7265e-01
   1.6866e-01
   1.6368e-01
   1.5785e-01
   1.5131e-01
   1.4421e-01
   1.3669e-01
   1.2888e-01
   1.2090e-01
   1.1284e-01
   1.0482e-01
   9.6915e-02
   8.9198e-02
   8.1731e-02
   7.4564e-02
   6.7736e-02
   6.1277e-02
   5.5208e-02
   4.9540e-02
   4.4279e-02
   3.9422e-02
   3.4964e-02
   3.0893e-02
   2.7195e-02
   2.3851e-02
   2.0842e-02
   1.8148e-02
   1.5746e-02
   1.3613e-02
   1.1729e-02
   1.0071e-02
   8.6172e-03
   7.3486e-03
   6.2457e-03
   5.2907e-03
   4.4669e-03
   3.7590e-03
   3.1531e-03
   2.6362e-03
   2.1970e-03
   1.8251e-03
   1.5114e-03
   1.2476e-03
   1.0267e-03
   8.4223e-04
   6.8878e-04
   5.6154e-04
   4.5640e-04
   3.6982e-04
   2.9875e-04
   2.4060e-04
   1.9319e-04
   1.5466e-04
   1.2344e-04
   9.8231e-05
   7.7938e-05
   6.1654e-05
   4.8629e-05
   3.8243e-05
   2.9987e-05
   2.3445e-05
   1.8277e-05
   1.4207e-05
   1.1011e-05
   8.5100e-06
   6.5579e-06
   5.0392e-06
   3.8611e-06
   2.9501e-06
   2.2476e-06
   1.7075e-06
   1.2936e-06
   9.7720e-07
   7.3613e-07
   5.5298e-07
   4.1423e-07
   3.0943e-07
   2.3050e-07
   1.7122e-07
   1.2684e-07
   9.3708e-08
   6.9039e-08
   5.0720e-08
   3.7162e-08
   2.7148e-08
   1.9780e-08
   1.4371e-08
   1.0414e-08
   7.5274e-09
   5.4274e-09
   3.9029e-09
   2.7970e-09
   1.9965e-09
   1.4172e-09
   1.0039e-09
   7.1207e-10
   5.0547e-10
   3.5491e-10
   2.5674e-10
   1.8655e-10
   1.2894e-10
   8.7136e-11
   5.8751e-11
   3.9937e-11
   2.4932e-11
   1.8008e-11
   1.7428e-11
   1.5651e-11
   1.2505e-11
   1.0498e-11
   1.2323e-12
  -4.6137e-12
  -6.7846e-12
  -8.7711e-12
  -3.7632e-12
  -2.7538e-14
   1.9951e-12
   4.0409e-12
   5.0843e-12
   2.2852e-13
  -6.5972e-12
  -9.8967e-12
  -5.8782e-12
  -1.5281e-12
   3.7332e-14
   6.2244e-12
   1.0352e-11
   1.2154e-11
   5.7822e-12
  -4.6560e-13
  -1.2973e-12
  -4.8091e-12
  -3.4596e-12
   2.0913e-12
   7.4552e-12
   8.5583e-12
   8.9316e-12
   8.7684e-12
   3.7346e-12
  -4.9876e-12
  -8.8394e-12
  -4.9953e-12
  -4.7792e-12
, 