   3.3868e-01
   1.0102e-01
   4.0642e-01
   4.4576e-01
   4.3201e-01
   3.7862e-01
   3.0381e-01
   2.2486e-01
   1.5427e-01
   9.8455e-02
   5.8602e-02
   3.2602e-02
   1.6982e-02
   8.2951e-03
   3.8049e-03
   1.6410e-03
   6.6621e-04
   2.5489e-04
   9.2002e-05
   3.1360e-05
   1.0105e-05
   3.0813e-06
   8.8992e-07
   2.4367e-07
   6.3253e-08
   1.5584e-08
   3.6956e-09
   8.6947e-10
   1.9458e-10
   3.4196e-11
   1.5370e-11
   2.9727e-11
   3.7519e-11
   3.2376e-11
   2.1539e-11
   1.1881e-11
   5.7333e-12
   2.5209e-12
   1.0220e-12
   3.4675e-13
,   -3.8346e-01
  -9.0874e-02
  -3.3633e-01
  -2.1411e-01
  -1.7547e-02
   1.8463e-01
   3.3424e-01
   4.0305e-01
   3.9489e-01
   3.3447e-01
   2.5198e-01
   1.7158e-01
   1.0666e-01
   6.0966e-02
   3.2204e-02
   1.5784e-02
   7.2016e-03
   3.0670e-03
   1.2221e-03
   4.5652e-04
   1.6018e-04
   5.2878e-05
   1.6449e-05
   4.8284e-06
   1.3393e-06
   3.5153e-07
   8.7438e-08
   2.0640e-08
   4.6370e-09
   1.0001e-09
   2.0648e-10
   3.4691e-11
  -4.3717e-12
  -1.5381e-11
  -1.8770e-11
  -1.7315e-11
  -1.2735e-11
  -7.6227e-12
  -3.7388e-12
  -1.3891e-12
,    3.8588e-01
   6.3223e-02
   2.1357e-01
  -1.7343e-02
  -2.3827e-01
  -3.2851e-01
  -2.5013e-01
  -5.4094e-02
   1.6464e-01
   3.2394e-01
   3.8782e-01
   3.6625e-01
   2.9402e-01
   2.0754e-01
   1.3126e-01
   7.5294e-02
   3.9497e-02
   1.9067e-02
   8.5108e-03
   3.5267e-03
   1.3611e-03
   4.9063e-04
   1.6559e-04
   5.2439e-05
   1.5614e-05
   4.3787e-06
   1.1586e-06
   2.8966e-07
   6.8501e-08
   1.5327e-08
   3.2399e-09
   6.3496e-10
   1.0971e-10
   1.8435e-11
   7.0762e-12
   1.4000e-12
  -4.7061e-12
  -5.4878e-12
  -4.8284e-12
  -3.2857e-12
, 