   1.4597e-02
   4.8583e-03
   2.0596e-02
   2.7389e-02
   3.4120e-02
   4.0774e-02
   4.7336e-02
   5.3792e-02
   6.0127e-02
   6.6328e-02
   7.2383e-02
   7.8277e-02
   8.4000e-02
   8.9539e-02
   9.4885e-02
   1.0003e-01
   1.0495e-01
   1.0966e-01
   1.1414e-01
   1.1838e-01
   1.2237e-01
   1.2612e-01
   1.2962e-01
   1.3286e-01
   1.3584e-01
   1.3856e-01
   1.4101e-01
   1.4321e-01
   1.4514e-01
   1.4681e-01
   1.4822e-01
   1.4937e-01
   1.5027e-01
   1.5093e-01
   1.5133e-01
   1.5150e-01
   1.5144e-01
   1.5115e-01
   1.5064e-01
   1.4991e-01
   1.4899e-01
   1.4787e-01
   1.4656e-01
   1.4507e-01
   1.4341e-01
   1.4160e-01
   1.3963e-01
   1.3752e-01
   1.3529e-01
   1.3293e-01
   1.3046e-01
   1.2789e-01
   1.2522e-01
   1.2248e-01
   1.1966e-01
   1.1677e-01
   1.1384e-01
   1.1086e-01
   1.0784e-01
   1.0479e-01
   1.0172e-01
   9.8642e-02
   9.5556e-02
   9.2473e-02
   8.9399e-02
   8.6340e-02
   8.3302e-02
   8.0292e-02
   7.7314e-02
   7.4374e-02
   7.1476e-02
   6.8625e-02
   6.5824e-02
   6.3077e-02
   6.0387e-02
   5.7757e-02
   5.5190e-02
   5.2687e-02
   5.0251e-02
   4.7883e-02
   4.5585e-02
   4.3356e-02
   4.1199e-02
   3.9114e-02
   3.7100e-02
   3.5158e-02
   3.3287e-02
   3.1488e-02
   2.9759e-02
   2.8100e-02
   2.6509e-02
   2.4987e-02
   2.3531e-02
   2.2140e-02
   2.0813e-02
   1.9548e-02
   1.8345e-02
   1.7200e-02
   1.6112e-02
   1.5080e-02
   1.4102e-02
   1.3176e-02
   1.2300e-02
   1.1473e-02
   1.0692e-02
   9.9552e-03
   9.2614e-03
   8.6087e-03
   7.9951e-03
   7.4189e-03
   6.8783e-03
   6.3717e-03
   5.8975e-03
   5.4539e-03
   5.0394e-03
   4.6524e-03
   4.2916e-03
   3.9554e-03
   3.6424e-03
   3.3515e-03
   3.0811e-03
   2.8302e-03
   2.5976e-03
   2.3821e-03
   2.1826e-03
   1.9982e-03
   1.8279e-03
   1.6706e-03
   1.5257e-03
   1.3921e-03
   1.2692e-03
   1.1562e-03
   1.0524e-03
   9.5709e-04
   8.6971e-04
   7.8965e-04
   7.1638e-04
   6.4937e-04
   5.8814e-04
   5.3225e-04
   4.8128e-04
   4.3483e-04
   3.9254e-04
   3.5407e-04
   3.1912e-04
   2.8737e-04
   2.5858e-04
   2.3248e-04
   2.0884e-04
   1.8746e-04
   1.6813e-04
   1.5067e-04
   1.3491e-04
   1.2070e-04
   1.0790e-04
   9.6382e-05
   8.6022e-05
   7.6713e-05
   6.8357e-05
   6.0861e-05
   5.4144e-05
   4.8129e-05
   4.2748e-05
   3.7938e-05
   3.3641e-05
   2.9808e-05
   2.6390e-05
   2.3345e-05
   2.0635e-05
   1.8224e-05
   1.6083e-05
   1.4182e-05
   1.2495e-05
   1.1000e-05
   9.6763e-06
   8.5050e-06
   7.4695e-06
   6.5548e-06
   5.7475e-06
   5.0356e-06
   4.4084e-06
   3.8562e-06
   3.3704e-06
   2.9436e-06
   2.5687e-06
   2.2398e-06
   1.9514e-06
   1.6988e-06
   1.4777e-06
   1.2844e-06
   1.1155e-06
   9.6799e-07
   8.3934e-07
   7.2721e-07
   6.2956e-07
   5.4458e-07
   4.7070e-07
   4.0652e-07
   3.5082e-07
   3.0250e-07
   2.6064e-07
   2.2439e-07
   1.9303e-07
   1.6592e-07
   1.4251e-07
   1.2230e-07
   1.0488e-07
   8.9869e-08
   7.6945e-08
   6.5828e-08
   5.6272e-08
   4.8065e-08
   4.1021e-08
   3.4982e-08
   2.9810e-08
   2.5383e-08
   2.1596e-08
   1.8359e-08
   1.5595e-08
   1.3236e-08
   1.1223e-08
   9.5090e-09
   8.0492e-09
   6.8090e-09
   5.7536e-09
   4.8577e-09
   4.0998e-09
   3.4578e-09
   2.9135e-09
   2.4528e-09
   2.0633e-09
   1.7343e-09
   1.4537e-09
   1.2185e-09
   1.0186e-09
   8.5113e-10
   7.0775e-10
   5.8906e-10
   4.8966e-10
   4.0793e-10
   3.4002e-10
   2.8444e-10
   2.3980e-10
   2.0179e-10
   1.6995e-10
   1.4251e-10
   1.2090e-10
   1.0295e-10
   8.9797e-11
   7.7275e-11
   6.7453e-11
   5.9176e-11
   5.2554e-11
   4.6078e-11
   4.1089e-11
   3.5344e-11
   3.0661e-11
   2.6397e-11
   2.4272e-11
   2.3201e-11
   2.1200e-11
   2.0430e-11
   1.8402e-11
   1.7928e-11
   1.7236e-11
   1.5982e-11
   1.4283e-11
   1.1155e-11
   7.5019e-12
   3.4485e-12
  -1.2837e-13
  -3.6330e-12
  -7.0826e-12
  -9.1535e-12
  -1.0092e-11
  -9.3996e-12
  -1.0066e-11
  -1.0525e-11
  -1.1570e-11
  -1.2153e-11
  -1.3218e-11
  -1.3960e-11
  -1.3027e-11
  -1.2762e-11
  -1.3002e-11
  -1.3471e-11
  -1.2134e-11
  -1.1537e-11
  -1.1301e-11
  -1.0433e-11
  -1.0292e-11
  -1.0000e-11
  -9.3752e-12
  -8.8656e-12
  -7.6278e-12
  -8.2325e-12
  -9.2233e-12
  -1.0393e-11
  -1.0088e-11
  -8.2357e-12
  -7.3671e-12
  -7.0609e-12
  -7.9826e-12
  -9.1479e-12
  -8.5413e-12
  -7.0437e-12
  -5.5822e-12
  -3.7592e-12
  -2.8622e-12
  -1.0072e-12
   1.8703e-12
   4.4002e-12
   5.2153e-12
   5.7323e-12
   4.7201e-12
   3.7199e-12
   3.4332e-12
   4.0146e-12
   3.8289e-12
   1.9964e-12
   1.3780e-12
   8.1722e-13
   2.2492e-12
   3.1168e-12
   4.2724e-12
   4.9584e-12
   5.4122e-12
   5.7108e-12
   4.1706e-12
   3.1290e-12
   1.5253e-12
  -3.9323e-13
  -2.3211e-12
  -3.5217e-12
  -3.3741e-12
  -3.0470e-12
  -4.1398e-12
  -4.9733e-12
  -4.6807e-12
  -4.5981e-12
  -4.5814e-12
  -4.5704e-12
  -3.2691e-12
  -2.1227e-12
  -1.4014e-12
   1.3491e-12
   4.1717e-12
   6.3543e-12
   7.7691e-12
   8.1288e-12
   8.5946e-12
   1.0316e-11
   1.0227e-11
   8.3003e-12
   6.0733e-12
   3.1540e-12
   1.1115e-12
  -9.2578e-14
   8.9221e-13
   7.0160e-13
,   -1.7908e-02
  -5.9482e-03
  -2.5191e-02
  -3.3379e-02
  -4.1390e-02
  -4.9180e-02
  -5.6709e-02
  -6.3936e-02
  -7.0826e-02
  -7.7340e-02
  -8.3446e-02
  -8.9112e-02
  -9.4311e-02
  -9.9014e-02
  -1.0320e-01
  -1.0685e-01
  -1.0994e-01
  -1.1247e-01
  -1.1441e-01
  -1.1577e-01
  -1.1653e-01
  -1.1670e-01
  -1.1628e-01
  -1.1528e-01
  -1.1369e-01
  -1.1154e-01
  -1.0884e-01
  -1.0560e-01
  -1.0184e-01
  -9.7594e-02
  -9.2871e-02
  -8.7704e-02
  -8.2119e-02
  -7.6147e-02
  -6.9819e-02
  -6.3166e-02
  -5.6223e-02
  -4.9024e-02
  -4.1604e-02
  -3.3998e-02
  -2.6241e-02
  -1.8369e-02
  -1.0419e-02
  -2.4230e-03
   5.5827e-03
   1.3565e-02
   2.1492e-02
   2.9331e-02
   3.7052e-02
   4.4627e-02
   5.2028e-02
   5.9229e-02
   6.6206e-02
   7.2937e-02
   7.9401e-02
   8.5580e-02
   9.1458e-02
   9.7018e-02
   1.0225e-01
   1.0714e-01
   1.1168e-01
   1.1587e-01
   1.1970e-01
   1.2316e-01
   1.2626e-01
   1.2899e-01
   1.3136e-01
   1.3337e-01
   1.3502e-01
   1.3633e-01
   1.3730e-01
   1.3794e-01
   1.3826e-01
   1.3826e-01
   1.3797e-01
   1.3739e-01
   1.3654e-01
   1.3544e-01
   1.3409e-01
   1.3251e-01
   1.3072e-01
   1.2872e-01
   1.2655e-01
   1.2421e-01
   1.2171e-01
   1.1908e-01
   1.1633e-01
   1.1347e-01
   1.1051e-01
   1.0748e-01
   1.0438e-01
   1.0123e-01
   9.8034e-02
   9.4813e-02
   9.1575e-02
   8.8331e-02
   8.5091e-02
   8.1864e-02
   7.8660e-02
   7.5486e-02
   7.2351e-02
   6.9261e-02
   6.6222e-02
   6.3241e-02
   6.0322e-02
   5.7471e-02
   5.4690e-02
   5.1984e-02
   4.9355e-02
   4.6806e-02
   4.4339e-02
   4.1954e-02
   3.9654e-02
   3.7439e-02
   3.5309e-02
   3.3265e-02
   3.1304e-02
   2.9428e-02
   2.7635e-02
   2.5924e-02
   2.4293e-02
   2.2741e-02
   2.1266e-02
   1.9866e-02
   1.8539e-02
   1.7283e-02
   1.6096e-02
   1.4975e-02
   1.3919e-02
   1.2923e-02
   1.1987e-02
   1.1108e-02
   1.0283e-02
   9.5103e-03
   8.7867e-03
   8.1103e-03
   7.4787e-03
   6.8895e-03
   6.3407e-03
   5.8300e-03
   5.3552e-03
   4.9144e-03
   4.5056e-03
   4.1269e-03
   3.7765e-03
   3.4525e-03
   3.1534e-03
   2.8775e-03
   2.6232e-03
   2.3892e-03
   2.1741e-03
   1.9765e-03
   1.7952e-03
   1.6290e-03
   1.4768e-03
   1.3377e-03
   1.2105e-03
   1.0944e-03
   9.8856e-04
   8.9214e-04
   8.0439e-04
   7.2462e-04
   6.5217e-04
   5.8643e-04
   5.2685e-04
   4.7289e-04
   4.2408e-04
   3.7997e-04
   3.4014e-04
   3.0422e-04
   2.7185e-04
   2.4271e-04
   2.1650e-04
   1.9295e-04
   1.7181e-04
   1.5285e-04
   1.3586e-04
   1.2066e-04
   1.0706e-04
   9.4912e-05
   8.4069e-05
   7.4400e-05
   6.5785e-05
   5.8117e-05
   5.1299e-05
   4.5241e-05
   3.9864e-05
   3.5095e-05
   3.0871e-05
   2.7131e-05
   2.3824e-05
   2.0902e-05
   1.8323e-05
   1.6048e-05
   1.4043e-05
   1.2279e-05
   1.0727e-05
   9.3627e-06
   8.1652e-06
   7.1149e-06
   6.1943e-06
   5.3883e-06
   4.6832e-06
   4.0669e-06
   3.5287e-06
   3.0591e-06
   2.6498e-06
   2.2933e-06
   1.9831e-06
   1.7134e-06
   1.4791e-06
   1.2758e-06
   1.0995e-06
   9.4678e-07
   8.1458e-07
   7.0025e-07
   6.0146e-07
   5.1618e-07
   4.4262e-07
   3.7922e-07
   3.2464e-07
   2.7768e-07
   2.3731e-07
   2.0265e-07
   1.7290e-07
   1.4740e-07
   1.2555e-07
   1.0685e-07
   9.0863e-08
   7.7203e-08
   6.5541e-08
   5.5595e-08
   4.7120e-08
   3.9904e-08
   3.3765e-08
   2.8546e-08
   2.4114e-08
   2.0353e-08
   1.7164e-08
   1.4464e-08
   1.2178e-08
   1.0246e-08
   8.6124e-09
   7.2336e-09
   6.0695e-09
   5.0877e-09
   4.2612e-09
   3.5649e-09
   2.9806e-09
   2.4895e-09
   2.0768e-09
   1.7301e-09
   1.4405e-09
   1.1989e-09
   9.9729e-10
   8.2928e-10
   6.8886e-10
   5.7090e-10
   4.7317e-10
   3.9150e-10
   3.2490e-10
   2.7074e-10
   2.2406e-10
   1.8468e-10
   1.5194e-10
   1.2681e-10
   1.0651e-10
   8.8738e-11
   7.1319e-11
   5.5724e-11
   4.4523e-11
   3.5761e-11
   2.9122e-11
   2.4569e-11
   2.1048e-11
   1.8586e-11
   1.5778e-11
   1.2743e-11
   1.0959e-11
   9.3168e-12
   7.8556e-12
   6.3020e-12
   6.2966e-12
   5.8989e-12
   4.7150e-12
   3.7392e-12
   2.9936e-12
   3.4258e-12
   2.2911e-12
  -4.6628e-13
  -2.8470e-12
  -4.3882e-12
  -5.5837e-12
  -6.0747e-12
  -5.5595e-12
  -4.6517e-12
  -4.6346e-12
  -4.4933e-12
  -4.3308e-12
  -3.9285e-12
  -4.8302e-12
  -6.9257e-12
  -6.1238e-12
  -4.2972e-12
  -3.4286e-12
  -3.8678e-12
  -3.6964e-12
  -2.9849e-12
  -2.4456e-12
  -2.4419e-12
  -3.3971e-12
  -4.6411e-12
  -6.4311e-12
  -7.3567e-12
  -6.0090e-12
  -4.1214e-12
  -4.3481e-12
  -5.0380e-12
  -5.5785e-12
  -4.4469e-12
  -2.8222e-12
  -2.0757e-12
  -2.1722e-12
  -3.1074e-12
  -3.2740e-12
  -3.0914e-12
  -1.1670e-12
   6.5803e-13
   1.5609e-12
   1.7411e-12
   1.6133e-12
   1.4588e-12
   4.0100e-13
  -1.4851e-12
  -2.6906e-12
  -1.5955e-12
  -8.0436e-13
  -1.1231e-12
  -1.9464e-12
  -1.9382e-12
  -2.1197e-12
  -1.9566e-12
  -1.9364e-12
  -2.0495e-12
  -1.4731e-12
  -1.8319e-12
  -1.4301e-12
  -9.1981e-13
  -3.3782e-13
  -3.4142e-14
   9.6081e-13
   2.4620e-12
   3.9340e-12
   5.1354e-12
   4.1332e-12
   2.2070e-12
   3.1355e-13
   1.3868e-13
   7.4010e-13
   1.0735e-12
,    2.0021e-02
   6.6363e-03
   2.8077e-02
   3.7068e-02
   4.5749e-02
   5.4045e-02
   6.1889e-02
   6.9215e-02
   7.5961e-02
   8.2073e-02
   8.7499e-02
   9.2197e-02
   9.6126e-02
   9.9258e-02
   1.0157e-01
   1.0303e-01
   1.0365e-01
   1.0341e-01
   1.0232e-01
   1.0039e-01
   9.7643e-02
   9.4098e-02
   8.9786e-02
   8.4747e-02
   7.9024e-02
   7.2664e-02
   6.5720e-02
   5.8252e-02
   5.0320e-02
   4.1989e-02
   3.3326e-02
   2.4402e-02
   1.5286e-02
   6.0519e-03
  -3.2293e-03
  -1.2486e-02
  -2.1646e-02
  -3.0642e-02
  -3.9406e-02
  -4.7872e-02
  -5.5980e-02
  -6.3671e-02
  -7.0892e-02
  -7.7591e-02
  -8.3725e-02
  -8.9253e-02
  -9.4138e-02
  -9.8352e-02
  -1.0187e-01
  -1.0467e-01
  -1.0675e-01
  -1.0808e-01
  -1.0868e-01
  -1.0854e-01
  -1.0766e-01
  -1.0608e-01
  -1.0379e-01
  -1.0082e-01
  -9.7206e-02
  -9.2968e-02
  -8.8143e-02
  -8.2766e-02
  -7.6877e-02
  -7.0520e-02
  -6.3736e-02
  -5.6574e-02
  -4.9078e-02
  -4.1298e-02
  -3.3281e-02
  -2.5077e-02
  -1.6733e-02
  -8.2979e-03
   1.8227e-04
   8.6615e-03
   1.7095e-02
   2.5442e-02
   3.3659e-02
   4.1710e-02
   4.9558e-02
   5.7170e-02
   6.4514e-02
   7.1562e-02
   7.8289e-02
   8.4672e-02
   9.0692e-02
   9.6331e-02
   1.0158e-01
   1.0642e-01
   1.1084e-01
   1.1485e-01
   1.1843e-01
   1.2159e-01
   1.2433e-01
   1.2665e-01
   1.2856e-01
   1.3007e-01
   1.3118e-01
   1.3192e-01
   1.3228e-01
   1.3229e-01
   1.3197e-01
   1.3132e-01
   1.3036e-01
   1.2912e-01
   1.2761e-01
   1.2585e-01
   1.2386e-01
   1.2165e-01
   1.1926e-01
   1.1669e-01
   1.1397e-01
   1.1112e-01
   1.0814e-01
   1.0507e-01
   1.0191e-01
   9.8684e-02
   9.5407e-02
   9.2094e-02
   8.8758e-02
   8.5413e-02
   8.2071e-02
   7.8744e-02
   7.5442e-02
   7.2175e-02
   6.8952e-02
   6.5782e-02
   6.2671e-02
   5.9627e-02
   5.6654e-02
   5.3759e-02
   5.0945e-02
   4.8216e-02
   4.5574e-02
   4.3023e-02
   4.0564e-02
   3.8198e-02
   3.5925e-02
   3.3747e-02
   3.1662e-02
   2.9671e-02
   2.7772e-02
   2.5964e-02
   2.4245e-02
   2.2614e-02
   2.1068e-02
   1.9605e-02
   1.8223e-02
   1.6920e-02
   1.5692e-02
   1.4537e-02
   1.3452e-02
   1.2434e-02
   1.1481e-02
   1.0590e-02
   9.7566e-03
   8.9795e-03
   8.2554e-03
   7.5817e-03
   6.9555e-03
   6.3744e-03
   5.8357e-03
   5.3369e-03
   4.8757e-03
   4.4497e-03
   4.0568e-03
   3.6948e-03
   3.3616e-03
   3.0554e-03
   2.7742e-03
   2.5164e-03
   2.2803e-03
   2.0642e-03
   1.8668e-03
   1.6865e-03
   1.5222e-03
   1.3725e-03
   1.2363e-03
   1.1125e-03
   1.0002e-03
   8.9828e-04
   8.0599e-04
   7.2249e-04
   6.4700e-04
   5.7885e-04
   5.1738e-04
   4.6199e-04
   4.1214e-04
   3.6732e-04
   3.2706e-04
   2.9094e-04
   2.5856e-04
   2.2957e-04
   2.0363e-04
   1.8046e-04
   1.5978e-04
   1.4133e-04
   1.2490e-04
   1.1027e-04
   9.7270e-05
   8.5721e-05
   7.5474e-05
   6.6390e-05
   5.8346e-05
   5.1229e-05
   4.4939e-05
   3.9386e-05
   3.4487e-05
   3.0170e-05
   2.6369e-05
   2.3027e-05
   2.0089e-05
   1.7511e-05
   1.5250e-05
   1.3268e-05
   1.1534e-05
   1.0018e-05
   8.6927e-06
   7.5362e-06
   6.5278e-06
   5.6492e-06
   4.8846e-06
   4.2196e-06
   3.6420e-06
   3.1406e-06
   2.7059e-06
   2.3292e-06
   2.0033e-06
   1.7214e-06
   1.4779e-06
   1.2677e-06
   1.0864e-06
   9.3028e-07
   7.9588e-07
   6.8030e-07
   5.8099e-07
   4.9574e-07
   4.2263e-07
   3.5999e-07
   3.0637e-07
   2.6051e-07
   2.2132e-07
   1.8786e-07
   1.5933e-07
   1.3501e-07
   1.1431e-07
   9.6692e-08
   8.1723e-08
   6.9011e-08
   5.8227e-08
   4.9088e-08
   4.1347e-08
   3.4796e-08
   2.9258e-08
   2.4581e-08
   2.0634e-08
   1.7305e-08
   1.4501e-08
   1.2141e-08
   1.0157e-08
   8.4883e-09
   7.0867e-09
   5.9107e-09
   4.9248e-09
   4.0991e-09
   3.4091e-09
   2.8336e-09
   2.3545e-09
   1.9539e-09
   1.6185e-09
   1.3403e-09
   1.1108e-09
   9.1957e-10
   7.6105e-10
   6.2914e-10
   5.2106e-10
   4.3311e-10
   3.5960e-10
   2.9821e-10
   2.4808e-10
   2.0505e-10
   1.7095e-10
   1.4179e-10
   1.1811e-10
   9.8630e-11
   8.1012e-11
   6.6684e-11
   5.5731e-11
   4.6818e-11
   3.5663e-11
   2.4601e-11
   1.4132e-11
   7.2293e-12
   2.8326e-12
  -4.6285e-13
  -2.7835e-12
  -3.0316e-12
  -1.1261e-12
  -8.5115e-13
  -2.3634e-12
  -3.7312e-12
  -3.7347e-12
  -2.0808e-12
  -1.6752e-13
   4.0078e-12
   6.8784e-12
   8.2923e-12
   1.0501e-11
   1.1595e-11
   9.8626e-12
   1.0734e-11
   1.0244e-11
   8.0949e-12
   7.8173e-12
   6.4253e-12
   5.1866e-12
   4.0396e-12
   3.3551e-12
   2.1346e-12
   1.8997e-12
   4.6676e-13
   1.0298e-12
  -1.0558e-12
  -2.8577e-12
  -3.8547e-12
  -5.6837e-12
  -6.0422e-12
  -6.6079e-12
  -8.4290e-12
  -1.0692e-11
  -1.2181e-11
  -1.1832e-11
  -9.7357e-12
  -9.3798e-12
  -8.4960e-12
  -5.9544e-12
  -4.4109e-12
  -3.2979e-12
  -2.2067e-12
  -2.1248e-12
  -1.9550e-13
   1.9171e-12
   5.7424e-12
   7.1548e-12
   7.3101e-12
   7.9774e-12
   7.1284e-12
   7.4517e-12
   9.4377e-12
   1.0400e-11
   1.2204e-11
   1.5704e-11
   1.6440e-11
   1.5633e-11
   1.3747e-11
   1.1602e-11
   9.6356e-12
   6.6215e-12
   4.3148e-12
   3.8790e-12
   1.4760e-12
, 