   7.3799e-02
   2.4278e-02
   1.0233e-01
   1.3333e-01
   1.6178e-01
   1.8719e-01
   2.0917e-01
   2.2742e-01
   2.4177e-01
   2.5213e-01
   2.5855e-01
   2.6116e-01
   2.6019e-01
   2.5593e-01
   2.4876e-01
   2.3908e-01
   2.2732e-01
   2.1392e-01
   1.9932e-01
   1.8394e-01
   1.6816e-01
   1.5234e-01
   1.3678e-01
   1.2174e-01
   1.0743e-01
   9.3996e-02
   8.1561e-02
   7.0189e-02
   5.9913e-02
   5.0731e-02
   4.2615e-02
   3.5515e-02
   2.9366e-02
   2.4094e-02
   1.9616e-02
   1.5848e-02
   1.2706e-02
   1.0110e-02
   7.9839e-03
   6.2577e-03
   4.8681e-03
   3.7589e-03
   2.8810e-03
   2.1919e-03
   1.6554e-03
   1.2410e-03
   9.2360e-04
   6.8237e-04
   5.0049e-04
   3.6443e-04
   2.6345e-04
   1.8908e-04
   1.3473e-04
   9.5318e-05
   6.6953e-05
   4.6693e-05
   3.2333e-05
   2.2230e-05
   1.5176e-05
   1.0287e-05
   6.9239e-06
   4.6275e-06
   3.0710e-06
   2.0237e-06
   1.3243e-06
   8.6052e-07
   5.5527e-07
   3.5580e-07
   2.2639e-07
   1.4305e-07
   8.9754e-08
   5.5925e-08
   3.4607e-08
   2.1272e-08
   1.2986e-08
   7.8732e-09
   4.7422e-09
   2.8326e-09
   1.6813e-09
   9.8364e-10
   5.7087e-10
   3.2718e-10
   1.8281e-10
   1.0272e-10
   5.8190e-11
   3.7895e-11
   2.7590e-11
   1.9667e-11
   1.7169e-11
   1.1836e-11
   3.6792e-12
   3.3350e-12
  -1.6332e-13
  -8.3771e-12
  -9.3495e-12
  -9.0565e-12
  -1.0068e-11
  -1.0960e-11
  -7.6895e-12
  -1.4196e-12
   2.2882e-12
   7.0881e-12
   1.1469e-11
   1.1039e-11
   9.8447e-12
   1.4339e-11
   1.6040e-11
   1.0874e-11
   1.0470e-11
   1.3079e-11
   1.0970e-11
   7.9065e-12
   7.3594e-12
   3.8866e-12
   1.8403e-12
   4.8803e-12
   3.0274e-12
   2.4896e-12
   2.8944e-12
  -2.3903e-12
,   -9.0157e-02
  -2.9105e-02
  -1.2156e-01
  -1.5315e-01
  -1.7766e-01
  -1.9403e-01
  -2.0159e-01
  -2.0010e-01
  -1.8976e-01
  -1.7115e-01
  -1.4523e-01
  -1.1325e-01
  -7.6640e-02
  -3.6994e-02
   4.0748e-03
   4.4992e-02
   8.4301e-02
   1.2072e-01
   1.5319e-01
   1.8092e-01
   2.0336e-01
   2.2024e-01
   2.3154e-01
   2.3745e-01
   2.3835e-01
   2.3476e-01
   2.2730e-01
   2.1665e-01
   2.0352e-01
   1.8860e-01
   1.7253e-01
   1.5591e-01
   1.3924e-01
   1.2296e-01
   1.0741e-01
   9.2837e-02
   7.9420e-02
   6.7264e-02
   5.6413e-02
   4.6861e-02
   3.8561e-02
   3.1440e-02
   2.5401e-02
   2.0339e-02
   1.6142e-02
   1.2700e-02
   9.9056e-03
   7.6606e-03
   5.8746e-03
   4.4674e-03
   3.3693e-03
   2.5202e-03
   1.8698e-03
   1.3761e-03
   1.0046e-03
   7.2762e-04
   5.2282e-04
   3.7271e-04
   2.6363e-04
   1.8502e-04
   1.2885e-04
   8.9044e-05
   6.1064e-05
   4.1557e-05
   2.8068e-05
   1.8814e-05
   1.2516e-05
   8.2641e-06
   5.4159e-06
   3.5230e-06
   2.2747e-06
   1.4579e-06
   9.2754e-07
   5.8580e-07
   3.6727e-07
   2.2860e-07
   1.4125e-07
   8.6636e-08
   5.2760e-08
   3.1887e-08
   1.9139e-08
   1.1405e-08
   6.7382e-09
   3.9499e-09
   2.2840e-09
   1.3006e-09
   7.2723e-10
   3.9473e-10
   2.1468e-10
   1.1153e-10
   5.7526e-11
   2.9592e-11
   6.9053e-12
   9.0824e-13
  -6.1461e-12
  -1.3395e-11
  -8.1611e-12
  -1.2255e-11
  -1.1322e-11
  -3.7369e-12
  -4.6290e-12
   2.9480e-12
   9.9157e-12
   6.4344e-12
   6.3245e-12
   2.4240e-12
  -7.1526e-12
  -8.2466e-12
  -8.4313e-12
  -1.0348e-11
  -5.4449e-12
  -1.8997e-13
   6.2794e-13
   3.9186e-12
   7.6286e-12
   8.3795e-12
   8.8528e-12
   1.0456e-11
   8.0837e-12
   3.3420e-12
,    9.9988e-02
   3.1649e-02
   1.3097e-01
   1.5923e-01
   1.7579e-01
   1.7953e-01
   1.7022e-01
   1.4866e-01
   1.1647e-01
   7.6043e-02
   3.0303e-02
  -1.7527e-02
  -6.4165e-02
  -1.0651e-01
  -1.4187e-01
  -1.6810e-01
  -1.8374e-01
  -1.8809e-01
  -1.8119e-01
  -1.6374e-01
  -1.3706e-01
  -1.0290e-01
  -6.3346e-02
  -2.0590e-02
   2.3159e-02
   6.5843e-02
   1.0565e-01
   1.4111e-01
   1.7111e-01
   1.9495e-01
   2.1232e-01
   2.2323e-01
   2.2801e-01
   2.2722e-01
   2.2159e-01
   2.1197e-01
   1.9922e-01
   1.8423e-01
   1.6780e-01
   1.5067e-01
   1.3347e-01
   1.1672e-01
   1.0082e-01
   8.6052e-02
   7.2609e-02
   6.0587e-02
   5.0009e-02
   4.0844e-02
   3.3016e-02
   2.6420e-02
   2.0933e-02
   1.6425e-02
   1.2765e-02
   9.8280e-03
   7.4966e-03
   5.6661e-03
   4.2441e-03
   3.1507e-03
   2.3184e-03
   1.6911e-03
   1.2230e-03
   8.7686e-04
   6.2339e-04
   4.3947e-04
   3.0724e-04
   2.1302e-04
   1.4649e-04
   9.9916e-05
   6.7599e-05
   4.5368e-05
   3.0205e-05
   1.9950e-05
   1.3073e-05
   8.4994e-06
   5.4827e-06
   3.5093e-06
   2.2288e-06
   1.4046e-06
   8.7845e-07
   5.4518e-07
   3.3577e-07
   2.0523e-07
   1.2449e-07
   7.4944e-08
   4.4774e-08
   2.6549e-08
   1.5625e-08
   9.1302e-09
   5.2936e-09
   3.0391e-09
   1.7288e-09
   9.7311e-10
   5.4727e-10
   3.0467e-10
   1.6428e-10
   8.2391e-11
   4.0122e-11
   2.6465e-11
   2.1659e-11
   1.9743e-11
   1.1030e-11
   2.8609e-12
   2.8284e-12
   5.2285e-12
   7.7352e-12
   2.9876e-12
  -3.1401e-12
  -7.6031e-12
  -9.0388e-12
  -5.9392e-12
  -8.8521e-12
  -1.2851e-11
  -1.4381e-11
  -1.3434e-11
  -6.3667e-12
  -2.5685e-12
  -3.2684e-12
  -7.1384e-12
  -1.1108e-11
  -6.8560e-12
, 