   2.6653e-02
   8.8543e-03
   3.7503e-02
   4.9709e-02
   6.1666e-02
   7.3315e-02
   8.4599e-02
   9.5465e-02
   1.0586e-01
   1.1575e-01
   1.2508e-01
   1.3381e-01
   1.4192e-01
   1.4938e-01
   1.5615e-01
   1.6224e-01
   1.6761e-01
   1.7226e-01
   1.7620e-01
   1.7942e-01
   1.8193e-01
   1.8374e-01
   1.8487e-01
   1.8533e-01
   1.8515e-01
   1.8437e-01
   1.8299e-01
   1.8107e-01
   1.7863e-01
   1.7572e-01
   1.7236e-01
   1.6860e-01
   1.6447e-01
   1.6003e-01
   1.5530e-01
   1.5033e-01
   1.4515e-01
   1.3981e-01
   1.3434e-01
   1.2878e-01
   1.2316e-01
   1.1751e-01
   1.1186e-01
   1.0625e-01
   1.0069e-01
   9.5206e-02
   8.9825e-02
   8.4564e-02
   7.9440e-02
   7.4466e-02
   6.9655e-02
   6.5018e-02
   6.0562e-02
   5.6294e-02
   5.2219e-02
   4.8339e-02
   4.4656e-02
   4.1169e-02
   3.7878e-02
   3.4780e-02
   3.1872e-02
   2.9148e-02
   2.6604e-02
   2.4234e-02
   2.2032e-02
   1.9990e-02
   1.8102e-02
   1.6361e-02
   1.4758e-02
   1.3287e-02
   1.1939e-02
   1.0707e-02
   9.5841e-03
   8.5623e-03
   7.6349e-03
   6.7950e-03
   6.0360e-03
   5.3516e-03
   4.7358e-03
   4.1830e-03
   3.6877e-03
   3.2450e-03
   2.8501e-03
   2.4985e-03
   2.1862e-03
   1.9094e-03
   1.6646e-03
   1.4484e-03
   1.2580e-03
   1.0905e-03
   9.4365e-04
   8.1504e-04
   7.0266e-04
   6.0466e-04
   5.1937e-04
   4.4529e-04
   3.8107e-04
   3.2552e-04
   2.7756e-04
   2.3623e-04
   2.0069e-04
   1.7019e-04
   1.4406e-04
   1.2172e-04
   1.0265e-04
   8.6417e-05
   7.2618e-05
   6.0912e-05
   5.1000e-05
   4.2624e-05
   3.5559e-05
   2.9612e-05
   2.4615e-05
   2.0424e-05
   1.6916e-05
   1.3985e-05
   1.1542e-05
   9.5079e-06
   7.8185e-06
   6.4176e-06
   5.2584e-06
   4.3008e-06
   3.5113e-06
   2.8616e-06
   2.3279e-06
   1.8904e-06
   1.5324e-06
   1.2399e-06
   1.0015e-06
   8.0748e-07
   6.4989e-07
   5.2212e-07
   4.1872e-07
   3.3521e-07
   2.6787e-07
   2.1368e-07
   1.7015e-07
   1.3524e-07
   1.0731e-07
   8.4993e-08
   6.7201e-08
   5.3037e-08
   4.1786e-08
   3.2867e-08
   2.5801e-08
   2.0224e-08
   1.5829e-08
   1.2365e-08
   9.6419e-09
   7.5075e-09
   5.8356e-09
   4.5241e-09
   3.5011e-09
   2.7060e-09
   2.0868e-09
   1.6016e-09
   1.2275e-09
   9.4114e-10
   7.1635e-10
   5.4244e-10
   4.1223e-10
   3.1386e-10
   2.3742e-10
   1.7778e-10
   1.3258e-10
   9.6877e-11
   7.4504e-11
   5.3151e-11
   3.9248e-11
   3.5151e-11
   2.4483e-11
   1.7599e-11
   1.1867e-11
   1.3727e-11
   1.0793e-11
   1.1161e-11
   1.1144e-11
   1.1376e-11
   9.8899e-12
   8.4174e-12
   8.7632e-12
   8.6873e-12
   9.9901e-12
   4.8769e-12
   6.9006e-12
   6.9465e-12
   5.5979e-12
   5.1907e-12
   5.8795e-12
   7.6615e-12
   7.8154e-12
   7.2750e-12
   1.0309e-11
   1.0708e-11
   7.9852e-12
   9.3043e-12
   1.1687e-11
   1.4286e-11
   1.4305e-11
   1.3646e-11
   1.0970e-11
   6.9758e-12
   5.1629e-12
   4.2753e-12
   5.1645e-12
   5.3755e-12
   1.8799e-12
  -5.5229e-13
  -2.0688e-12
  -2.4510e-12
  -1.9504e-12
  -8.5437e-14
   7.4487e-14
  -2.1564e-12
  -4.9055e-12
  -5.3717e-12
  -3.8362e-12
  -5.0841e-12
  -4.7390e-12
  -4.4155e-12
  -6.2172e-12
  -8.7135e-12
  -7.0269e-12
  -8.5566e-12
  -8.8548e-12
  -5.9852e-12
  -6.0523e-12
  -5.3857e-12
  -4.5833e-12
  -1.4944e-12
  -4.5070e-12
  -3.4980e-12
  -1.3263e-12
  -1.9137e-12
  -2.5847e-13
   2.0359e-12
   1.5006e-12
  -4.1402e-12
  -8.7497e-13
  -9.6331e-13
,   -3.2696e-02
  -1.0812e-02
  -4.5689e-02
  -6.0069e-02
  -7.3736e-02
  -8.6529e-02
  -9.8298e-02
  -1.0891e-01
  -1.1824e-01
  -1.2618e-01
  -1.3265e-01
  -1.3759e-01
  -1.4093e-01
  -1.4266e-01
  -1.4276e-01
  -1.4125e-01
  -1.3815e-01
  -1.3351e-01
  -1.2740e-01
  -1.1990e-01
  -1.1110e-01
  -1.0111e-01
  -9.0057e-02
  -7.8059e-02
  -6.5255e-02
  -5.1788e-02
  -3.7802e-02
  -2.3443e-02
  -8.8565e-03
   5.8146e-03
   2.0431e-02
   3.4860e-02
   4.8975e-02
   6.2658e-02
   7.5800e-02
   8.8305e-02
   1.0008e-01
   1.1106e-01
   1.2118e-01
   1.3038e-01
   1.3862e-01
   1.4588e-01
   1.5215e-01
   1.5741e-01
   1.6168e-01
   1.6496e-01
   1.6729e-01
   1.6869e-01
   1.6921e-01
   1.6888e-01
   1.6777e-01
   1.6593e-01
   1.6341e-01
   1.6028e-01
   1.5659e-01
   1.5242e-01
   1.4782e-01
   1.4287e-01
   1.3760e-01
   1.3210e-01
   1.2641e-01
   1.2058e-01
   1.1468e-01
   1.0873e-01
   1.0279e-01
   9.6901e-02
   9.1088e-02
   8.5387e-02
   7.9825e-02
   7.4424e-02
   6.9206e-02
   6.4186e-02
   5.9376e-02
   5.4788e-02
   5.0427e-02
   4.6299e-02
   4.2404e-02
   3.8742e-02
   3.5312e-02
   3.2108e-02
   2.9127e-02
   2.6360e-02
   2.3801e-02
   2.1441e-02
   1.9271e-02
   1.7281e-02
   1.5462e-02
   1.3803e-02
   1.2295e-02
   1.0927e-02
   9.6907e-03
   8.5753e-03
   7.5717e-03
   6.6712e-03
   5.8652e-03
   5.1456e-03
   4.5046e-03
   3.9352e-03
   3.4305e-03
   2.9842e-03
   2.5906e-03
   2.2443e-03
   1.9402e-03
   1.6738e-03
   1.4411e-03
   1.2382e-03
   1.0617e-03
   9.0845e-04
   7.7578e-04
   6.6115e-04
   5.6232e-04
   4.7730e-04
   4.0433e-04
   3.4183e-04
   2.8841e-04
   2.4286e-04
   2.0410e-04
   1.7118e-04
   1.4330e-04
   1.1972e-04
   9.9819e-05
   8.3066e-05
   6.8990e-05
   5.7188e-05
   4.7313e-05
   3.9067e-05
   3.2195e-05
   2.6482e-05
   2.1740e-05
   1.7813e-05
   1.4567e-05
   1.1890e-05
   9.6861e-06
   7.8758e-06
   6.3916e-06
   5.1772e-06
   4.1856e-06
   3.3775e-06
   2.7202e-06
   2.1867e-06
   1.7545e-06
   1.4051e-06
   1.1231e-06
   8.9609e-07
   7.1359e-07
   5.6719e-07
   4.4998e-07
   3.5632e-07
   2.8162e-07
   2.2217e-07
   1.7494e-07
   1.3749e-07
   1.0786e-07
   8.4462e-08
   6.6017e-08
   5.1505e-08
   4.0109e-08
   3.1172e-08
   2.4182e-08
   1.8727e-08
   1.4475e-08
   1.1168e-08
   8.5995e-09
   6.6128e-09
   5.0797e-09
   3.8989e-09
   2.9879e-09
   2.2850e-09
   1.7466e-09
   1.3307e-09
   1.0132e-09
   7.7398e-10
   5.8682e-10
   4.4557e-10
   3.4173e-10
   2.6560e-10
   2.0616e-10
   1.6019e-10
   1.2687e-10
   9.7959e-11
   7.1930e-11
   5.5545e-11
   4.2858e-11
   3.4491e-11
   3.0512e-11
   2.9533e-11
   2.6095e-11
   2.4113e-11
   2.2076e-11
   1.8115e-11
   1.2739e-11
   7.2552e-12
   2.1083e-12
   1.6821e-12
   4.1428e-12
   5.4241e-12
   3.1606e-12
  -8.5452e-15
  -2.3240e-12
  -3.0968e-12
  -3.7439e-12
  -6.1795e-12
  -7.0790e-12
  -7.0220e-12
  -4.5285e-12
  -1.2538e-12
  -6.9968e-13
  -3.6908e-12
  -8.5721e-12
  -9.8746e-12
  -6.3015e-12
  -6.1257e-12
  -4.3437e-12
   1.0508e-13
   2.0843e-12
   2.8287e-12
   4.6938e-12
   5.6413e-12
   2.4211e-12
  -5.3457e-13
  -1.9692e-12
  -3.6915e-12
  -4.5301e-12
  -4.4638e-12
  -3.5941e-12
  -8.6608e-13
  -1.6934e-12
  -1.6866e-12
   1.9810e-12
   5.0468e-12
   6.4481e-12
   5.2406e-12
   3.4868e-12
  -1.9235e-13
  -4.9364e-12
  -4.7125e-12
  -4.8746e-12
  -9.5107e-12
  -9.0255e-12
  -4.7332e-12
,   -3.6517e-02
  -1.2019e-02
  -5.0673e-02
  -6.6075e-02
  -8.0237e-02
  -9.2896e-02
  -1.0382e-01
  -1.1280e-01
  -1.1968e-01
  -1.2434e-01
  -1.2669e-01
  -1.2670e-01
  -1.2437e-01
  -1.1977e-01
  -1.1297e-01
  -1.0413e-01
  -9.3390e-02
  -8.0974e-02
  -6.7107e-02
  -5.2045e-02
  -3.6062e-02
  -1.9446e-02
  -2.4896e-03
   1.4509e-02
   3.1259e-02
   4.7476e-02
   6.2891e-02
   7.7252e-02
   9.0332e-02
   1.0193e-01
   1.1187e-01
   1.2001e-01
   1.2625e-01
   1.3051e-01
   1.3274e-01
   1.3294e-01
   1.3114e-01
   1.2738e-01
   1.2176e-01
   1.1438e-01
   1.0538e-01
   9.4902e-02
   8.3127e-02
   7.0232e-02
   5.6409e-02
   4.1856e-02
   2.6773e-02
   1.1357e-02
  -4.1966e-03
  -1.9700e-02
  -3.4977e-02
  -4.9860e-02
  -6.4197e-02
  -7.7852e-02
  -9.0704e-02
  -1.0265e-01
  -1.1360e-01
  -1.2350e-01
  -1.3228e-01
  -1.3992e-01
  -1.4640e-01
  -1.5172e-01
  -1.5589e-01
  -1.5894e-01
  -1.6090e-01
  -1.6183e-01
  -1.6178e-01
  -1.6082e-01
  -1.5901e-01
  -1.5643e-01
  -1.5316e-01
  -1.4927e-01
  -1.4485e-01
  -1.3997e-01
  -1.3471e-01
  -1.2914e-01
  -1.2334e-01
  -1.1736e-01
  -1.1128e-01
  -1.0516e-01
  -9.9029e-02
  -9.2953e-02
  -8.6970e-02
  -8.1115e-02
  -7.5421e-02
  -6.9915e-02
  -6.4618e-02
  -5.9548e-02
  -5.4718e-02
  -5.0137e-02
  -4.5812e-02
  -4.1744e-02
  -3.7935e-02
  -3.4380e-02
  -3.1077e-02
  -2.8017e-02
  -2.5193e-02
  -2.2596e-02
  -2.0215e-02
  -1.8039e-02
  -1.6058e-02
  -1.4259e-02
  -1.2631e-02
  -1.1161e-02
  -9.8390e-03
  -8.6528e-03
  -7.5915e-03
  -6.6448e-03
  -5.8026e-03
  -5.0553e-03
  -4.3942e-03
  -3.8108e-03
  -3.2973e-03
  -2.8466e-03
  -2.4519e-03
  -2.1073e-03
  -1.8070e-03
  -1.5461e-03
  -1.3200e-03
  -1.1245e-03
  -9.5581e-04
  -8.1069e-04
  -6.8611e-04
  -5.7943e-04
  -4.8829e-04
  -4.1060e-04
  -3.4454e-04
  -2.8850e-04
  -2.4106e-04
  -2.0100e-04
  -1.6725e-04
  -1.3887e-04
  -1.1507e-04
  -9.5148e-05
  -7.8513e-05
  -6.4654e-05
  -5.3131e-05
  -4.3573e-05
  -3.5661e-05
  -2.9126e-05
  -2.3741e-05
  -1.9312e-05
  -1.5677e-05
  -1.2701e-05
  -1.0269e-05
  -8.2865e-06
  -6.6731e-06
  -5.3632e-06
  -4.3018e-06
  -3.4435e-06
  -2.7511e-06
  -2.1935e-06
  -1.7455e-06
  -1.3863e-06
  -1.0988e-06
  -8.6921e-07
  -6.8625e-07
  -5.4075e-07
  -4.2526e-07
  -3.3379e-07
  -2.6148e-07
  -2.0444e-07
  -1.5953e-07
  -1.2425e-07
  -9.6581e-08
  -7.4927e-08
  -5.8020e-08
  -4.4839e-08
  -3.4584e-08
  -2.6622e-08
  -2.0457e-08
  -1.5689e-08
  -1.2004e-08
  -9.1717e-09
  -6.9970e-09
  -5.3299e-09
  -4.0518e-09
  -3.0774e-09
  -2.3344e-09
  -1.7686e-09
  -1.3388e-09
  -1.0149e-09
  -7.6849e-10
  -5.8208e-10
  -4.4341e-10
  -3.3272e-10
  -2.4867e-10
  -1.8592e-10
  -1.3841e-10
  -1.0600e-10
  -8.0425e-11
  -6.3093e-11
  -5.4999e-11
  -4.5846e-11
  -3.6054e-11
  -2.5533e-11
  -2.3449e-11
  -2.4153e-11
  -1.7849e-11
  -1.5992e-11
  -1.8562e-11
  -1.8662e-11
  -1.3999e-11
  -1.1097e-11
  -9.6250e-12
  -9.6502e-12
  -6.6619e-12
  -2.0832e-12
   1.2660e-14
  -8.5974e-13
  -1.3868e-12
   5.5953e-12
   6.6415e-12
   4.4398e-12
   2.6313e-12
   7.7827e-13
  -2.0541e-12
  -6.2178e-12
  -6.6212e-12
  -9.0052e-12
  -7.1555e-12
  -6.4388e-12
  -9.2283e-12
  -7.4437e-12
  -2.5427e-12
   1.6017e-12
   2.5728e-13
   9.4782e-14
   2.7591e-12
   2.4809e-12
   2.8259e-12
   6.0790e-12
   5.9640e-12
   6.3564e-12
   6.1564e-12
   1.5560e-12
   3.8480e-13
   1.5055e-12
   1.0453e-12
  -9.0890e-13
, 