   1.7392e-02
   5.7862e-03
   2.4525e-02
   3.2591e-02
   4.0564e-02
   4.8422e-02
   5.6142e-02
   6.3703e-02
   7.1086e-02
   7.8269e-02
   8.5234e-02
   9.1963e-02
   9.8440e-02
   1.0465e-01
   1.1058e-01
   1.1621e-01
   1.2153e-01
   1.2653e-01
   1.3121e-01
   1.3555e-01
   1.3956e-01
   1.4321e-01
   1.4652e-01
   1.4947e-01
   1.5207e-01
   1.5432e-01
   1.5623e-01
   1.5778e-01
   1.5899e-01
   1.5987e-01
   1.6042e-01
   1.6064e-01
   1.6056e-01
   1.6017e-01
   1.5949e-01
   1.5853e-01
   1.5730e-01
   1.5581e-01
   1.5409e-01
   1.5213e-01
   1.4996e-01
   1.4759e-01
   1.4503e-01
   1.4230e-01
   1.3942e-01
   1.3639e-01
   1.3324e-01
   1.2998e-01
   1.2661e-01
   1.2317e-01
   1.1965e-01
   1.1607e-01
   1.1246e-01
   1.0881e-01
   1.0514e-01
   1.0146e-01
   9.7781e-02
   9.4117e-02
   9.0476e-02
   8.6866e-02
   8.3296e-02
   7.9774e-02
   7.6306e-02
   7.2900e-02
   6.9561e-02
   6.6295e-02
   6.3106e-02
   5.9999e-02
   5.6977e-02
   5.4044e-02
   5.1201e-02
   4.8451e-02
   4.5795e-02
   4.3234e-02
   4.0770e-02
   3.8401e-02
   3.6129e-02
   3.3953e-02
   3.1871e-02
   2.9883e-02
   2.7988e-02
   2.6183e-02
   2.4467e-02
   2.2838e-02
   2.1294e-02
   1.9832e-02
   1.8450e-02
   1.7145e-02
   1.5915e-02
   1.4757e-02
   1.3668e-02
   1.2646e-02
   1.1688e-02
   1.0790e-02
   9.9504e-03
   9.1662e-03
   8.4347e-03
   7.7532e-03
   7.1191e-03
   6.5298e-03
   5.9829e-03
   5.4759e-03
   5.0065e-03
   4.5725e-03
   4.1716e-03
   3.8018e-03
   3.4612e-03
   3.1477e-03
   2.8596e-03
   2.5951e-03
   2.3525e-03
   2.1304e-03
   1.9273e-03
   1.7417e-03
   1.5723e-03
   1.4178e-03
   1.2773e-03
   1.1494e-03
   1.0333e-03
   9.2790e-04
   8.3241e-04
   7.4597e-04
   6.6781e-04
   5.9721e-04
   5.3353e-04
   4.7614e-04
   4.2448e-04
   3.7804e-04
   3.3633e-04
   2.9891e-04
   2.6538e-04
   2.3537e-04
   2.0854e-04
   1.8458e-04
   1.6320e-04
   1.4415e-04
   1.2719e-04
   1.1211e-04
   9.8723e-05
   8.6842e-05
   7.6312e-05
   6.6991e-05
   5.8748e-05
   5.1467e-05
   4.5042e-05
   3.9379e-05
   3.4392e-05
   3.0007e-05
   2.6154e-05
   2.2773e-05
   1.9808e-05
   1.7212e-05
   1.4941e-05
   1.2957e-05
   1.1225e-05
   9.7139e-06
   8.3981e-06
   7.2532e-06
   6.2580e-06
   5.3939e-06
   4.6444e-06
   3.9950e-06
   3.4329e-06
   2.9470e-06
   2.5272e-06
   2.1651e-06
   1.8530e-06
   1.5843e-06
   1.3532e-06
   1.1546e-06
   9.8417e-07
   8.3807e-07
   7.1293e-07
   6.0587e-07
   5.1437e-07
   4.3625e-07
   3.6963e-07
   3.1286e-07
   2.6454e-07
   2.2346e-07
   1.8857e-07
   1.5897e-07
   1.3388e-07
   1.1264e-07
   9.4669e-08
   7.9487e-08
   6.6674e-08
   5.5870e-08
   4.6770e-08
   3.9113e-08
   3.2673e-08
   2.7266e-08
   2.2731e-08
   1.8932e-08
   1.5753e-08
   1.3096e-08
   1.0879e-08
   9.0300e-09
   7.4878e-09
   6.2024e-09
   5.1321e-09
   4.2420e-09
   3.4991e-09
   2.8816e-09
   2.3694e-09
   1.9470e-09
   1.5983e-09
   1.3122e-09
   1.0788e-09
   8.8691e-10
   7.2912e-10
   5.9706e-10
   4.8879e-10
   4.0083e-10
   3.2740e-10
   2.6534e-10
   2.1615e-10
   1.7630e-10
   1.4568e-10
   1.2081e-10
   1.0259e-10
   8.6502e-11
   7.4853e-11
   6.4860e-11
   5.4128e-11
   4.5455e-11
   3.7513e-11
   3.0549e-11
   2.3806e-11
   1.6918e-11
   1.0092e-11
   5.6398e-12
   3.5552e-12
   3.2659e-12
   1.4730e-12
   1.0019e-12
   3.7678e-13
   4.1823e-12
   7.4951e-12
   7.4381e-12
   7.1047e-12
   7.2712e-12
   6.5066e-12
   3.7880e-12
   1.8050e-12
   2.1665e-12
   3.8125e-12
   5.6794e-12
   7.1656e-12
   8.2053e-12
   1.2021e-11
   1.1983e-11
   1.0298e-11
   6.2828e-12
   1.6534e-12
  -3.5201e-12
  -7.3628e-12
  -9.4020e-12
  -1.0874e-11
  -9.9672e-12
  -8.3424e-12
  -6.7224e-12
  -3.5323e-12
   9.2930e-13
   1.1701e-12
   1.0203e-12
  -4.1738e-14
  -3.3865e-13
  -2.1115e-12
  -1.2018e-12
   7.7132e-13
   2.0509e-12
   4.8161e-12
   5.9587e-12
   7.4021e-12
   8.5889e-12
   1.0045e-11
   8.9311e-12
   7.8051e-12
   5.6437e-12
   3.4766e-12
   2.2419e-12
   2.5333e-12
   1.0008e-13
  -3.6443e-12
  -5.9558e-12
  -7.8778e-12
  -7.2913e-12
  -8.4282e-12
  -8.8116e-12
  -8.7515e-12
  -6.3172e-12
  -5.3488e-12
  -5.9506e-12
  -4.4149e-12
  -2.9123e-12
  -2.0567e-12
  -2.8577e-12
  -4.8508e-12
  -5.4481e-12
  -2.3192e-12
   3.7277e-13
   2.1310e-12
   3.9038e-12
   7.7376e-12
   1.0075e-11
   1.0907e-11
   1.1874e-11
   1.0593e-11
   1.0009e-11
   7.9556e-12
   6.1389e-12
   5.7583e-12
   5.4843e-12
   6.0252e-12
   6.3312e-12
   6.4799e-12
   5.0267e-12
   2.7220e-12
   1.6599e-12
,   -2.1338e-02
  -7.0807e-03
  -2.9973e-02
  -3.9650e-02
  -4.9060e-02
  -5.8141e-02
  -6.6831e-02
  -7.5074e-02
  -8.2815e-02
  -9.0004e-02
  -9.6594e-02
  -1.0254e-01
  -1.0781e-01
  -1.1237e-01
  -1.1619e-01
  -1.1925e-01
  -1.2154e-01
  -1.2303e-01
  -1.2373e-01
  -1.2364e-01
  -1.2275e-01
  -1.2109e-01
  -1.1866e-01
  -1.1549e-01
  -1.1160e-01
  -1.0702e-01
  -1.0178e-01
  -9.5921e-02
  -8.9485e-02
  -8.2513e-02
  -7.5052e-02
  -6.7150e-02
  -5.8857e-02
  -5.0226e-02
  -4.1309e-02
  -3.2159e-02
  -2.2830e-02
  -1.3376e-02
  -3.8493e-03
   5.6980e-03
   1.5215e-02
   2.4653e-02
   3.3965e-02
   4.3105e-02
   5.2031e-02
   6.0703e-02
   6.9083e-02
   7.7138e-02
   8.4835e-02
   9.2149e-02
   9.9052e-02
   1.0553e-01
   1.1155e-01
   1.1711e-01
   1.2220e-01
   1.2680e-01
   1.3092e-01
   1.3454e-01
   1.3768e-01
   1.4033e-01
   1.4251e-01
   1.4421e-01
   1.4545e-01
   1.4625e-01
   1.4662e-01
   1.4657e-01
   1.4613e-01
   1.4531e-01
   1.4413e-01
   1.4262e-01
   1.4080e-01
   1.3869e-01
   1.3631e-01
   1.3368e-01
   1.3084e-01
   1.2780e-01
   1.2458e-01
   1.2121e-01
   1.1771e-01
   1.1410e-01
   1.1040e-01
   1.0664e-01
   1.0282e-01
   9.8967e-02
   9.5100e-02
   9.1233e-02
   8.7380e-02
   8.3555e-02
   7.9771e-02
   7.6039e-02
   7.2369e-02
   6.8772e-02
   6.5254e-02
   6.1824e-02
   5.8488e-02
   5.5251e-02
   5.2117e-02
   4.9091e-02
   4.6174e-02
   4.3370e-02
   4.0679e-02
   3.8103e-02
   3.5640e-02
   3.3291e-02
   3.1055e-02
   2.8930e-02
   2.6915e-02
   2.5006e-02
   2.3203e-02
   2.1501e-02
   1.9898e-02
   1.8391e-02
   1.6976e-02
   1.5650e-02
   1.4409e-02
   1.3250e-02
   1.2169e-02
   1.1162e-02
   1.0225e-02
   9.3558e-03
   8.5496e-03
   7.8033e-03
   7.1134e-03
   6.4766e-03
   5.8896e-03
   5.3493e-03
   4.8528e-03
   4.3970e-03
   3.9793e-03
   3.5970e-03
   3.2475e-03
   2.9285e-03
   2.6377e-03
   2.3730e-03
   2.1324e-03
   1.9139e-03
   1.7158e-03
   1.5364e-03
   1.3742e-03
   1.2277e-03
   1.0955e-03
   9.7647e-04
   8.6935e-04
   7.7309e-04
   6.8671e-04
   6.0928e-04
   5.3997e-04
   4.7801e-04
   4.2267e-04
   3.7332e-04
   3.2936e-04
   2.9025e-04
   2.5549e-04
   2.2465e-04
   1.9731e-04
   1.7310e-04
   1.5169e-04
   1.3279e-04
   1.1611e-04
   1.0141e-04
   8.8478e-05
   7.7108e-05
   6.7125e-05
   5.8370e-05
   5.0702e-05
   4.3993e-05
   3.8129e-05
   3.3011e-05
   2.8549e-05
   2.4663e-05
   2.1283e-05
   1.8346e-05
   1.5797e-05
   1.3588e-05
   1.1675e-05
   1.0020e-05
   8.5910e-06
   7.3576e-06
   6.2945e-06
   5.3792e-06
   4.5920e-06
   3.9159e-06
   3.3357e-06
   2.8384e-06
   2.4127e-06
   2.0487e-06
   1.7377e-06
   1.4723e-06
   1.2462e-06
   1.0537e-06
   8.8991e-07
   7.5082e-07
   6.3280e-07
   5.3276e-07
   4.4806e-07
   3.7643e-07
   3.1592e-07
   2.6485e-07
   2.2181e-07
   1.8556e-07
   1.5508e-07
   1.2946e-07
   1.0796e-07
   8.9939e-08
   7.4847e-08
   6.2221e-08
   5.1672e-08
   4.2866e-08
   3.5527e-08
   2.9414e-08
   2.4329e-08
   2.0101e-08
   1.6592e-08
   1.3681e-08
   1.1270e-08
   9.2737e-09
   7.6231e-09
   6.2575e-09
   5.1316e-09
   4.2019e-09
   3.4381e-09
   2.8086e-09
   2.2909e-09
   1.8674e-09
   1.5223e-09
   1.2416e-09
   1.0094e-09
   8.1900e-10
   6.6187e-10
   5.3335e-10
   4.2818e-10
   3.4124e-10
   2.7078e-10
   2.1541e-10
   1.7228e-10
   1.3794e-10
   1.1253e-10
   9.1851e-11
   7.6160e-11
   6.3046e-11
   5.1827e-11
   4.5460e-11
   4.1282e-11
   3.7990e-11
   3.4466e-11
   2.9553e-11
   2.5400e-11
   2.0152e-11
   1.7265e-11
   1.3150e-11
   1.1790e-11
   8.9397e-12
   9.4576e-12
   9.6022e-12
   1.0477e-11
   6.0510e-12
   3.5583e-12
   1.1734e-12
   5.4512e-13
   4.1781e-13
   1.4539e-12
   2.0027e-12
   4.9999e-12
   3.1168e-12
   2.4831e-12
  -1.3252e-12
  -3.5747e-12
  -6.4212e-12
  -7.6888e-12
  -1.0124e-11
  -1.1378e-11
  -1.1222e-11
  -1.2433e-11
  -1.3761e-11
  -1.6250e-11
  -1.7784e-11
  -1.7628e-11
  -1.6299e-11
  -1.3771e-11
  -1.2887e-11
  -1.2492e-11
  -1.2941e-11
  -1.2211e-11
  -1.5702e-11
  -1.8518e-11
  -2.0074e-11
  -1.9483e-11
  -1.7623e-11
  -1.5300e-11
  -1.1795e-11
  -9.9036e-12
  -4.9459e-12
  -2.8732e-12
  -2.7482e-12
  -1.4329e-12
   1.0532e-13
   1.2785e-12
   2.9366e-12
   2.0645e-12
   2.9319e-12
  -1.1725e-12
  -3.1870e-12
  -6.5330e-12
  -8.7615e-12
  -1.0658e-11
  -9.1257e-12
  -7.1961e-12
  -6.3075e-12
  -3.4980e-12
  -2.1014e-12
  -1.0245e-12
  -4.0568e-12
  -3.3967e-12
  -6.2348e-12
  -4.7221e-12
  -1.9039e-12
   8.9477e-13
   8.3670e-13
   4.2772e-13
   1.0004e-12
,    2.3851e-02
   7.8940e-03
   3.3373e-02
   4.3945e-02
   5.4051e-02
   6.3584e-02
   7.2444e-02
   8.0538e-02
   8.7781e-02
   9.4098e-02
   9.9424e-02
   1.0370e-01
   1.0690e-01
   1.0897e-01
   1.0990e-01
   1.0969e-01
   1.0834e-01
   1.0586e-01
   1.0230e-01
   9.7673e-02
   9.2048e-02
   8.5481e-02
   7.8043e-02
   6.9813e-02
   6.0877e-02
   5.1329e-02
   4.1267e-02
   3.0794e-02
   2.0015e-02
   9.0391e-03
  -2.0256e-03
  -1.3071e-02
  -2.3989e-02
  -3.4676e-02
  -4.5031e-02
  -5.4958e-02
  -6.4366e-02
  -7.3171e-02
  -8.1295e-02
  -8.8668e-02
  -9.5229e-02
  -1.0093e-01
  -1.0571e-01
  -1.0956e-01
  -1.1243e-01
  -1.1432e-01
  -1.1521e-01
  -1.1512e-01
  -1.1405e-01
  -1.1202e-01
  -1.0905e-01
  -1.0519e-01
  -1.0048e-01
  -9.4953e-02
  -8.8676e-02
  -8.1706e-02
  -7.4104e-02
  -6.5938e-02
  -5.7276e-02
  -4.8190e-02
  -3.8753e-02
  -2.9038e-02
  -1.9118e-02
  -9.0650e-03
   1.0498e-03
   1.1158e-02
   2.1192e-02
   3.1089e-02
   4.0790e-02
   5.0238e-02
   5.9381e-02
   6.8171e-02
   7.6566e-02
   8.4527e-02
   9.2021e-02
   9.9019e-02
   1.0550e-01
   1.1144e-01
   1.1683e-01
   1.2165e-01
   1.2591e-01
   1.2960e-01
   1.3273e-01
   1.3530e-01
   1.3733e-01
   1.3882e-01
   1.3979e-01
   1.4027e-01
   1.4027e-01
   1.3982e-01
   1.3894e-01
   1.3766e-01
   1.3601e-01
   1.3401e-01
   1.3170e-01
   1.2910e-01
   1.2624e-01
   1.2315e-01
   1.1985e-01
   1.1639e-01
   1.1278e-01
   1.0904e-01
   1.0521e-01
   1.0131e-01
   9.7358e-02
   9.3376e-02
   8.9386e-02
   8.5406e-02
   8.1451e-02
   7.7539e-02
   7.3682e-02
   6.9894e-02
   6.6186e-02
   6.2567e-02
   5.9046e-02
   5.5630e-02
   5.2326e-02
   4.9138e-02
   4.6070e-02
   4.3126e-02
   4.0306e-02
   3.7611e-02
   3.5043e-02
   3.2601e-02
   3.0283e-02
   2.8088e-02
   2.6013e-02
   2.4056e-02
   2.2214e-02
   2.0483e-02
   1.8860e-02
   1.7341e-02
   1.5922e-02
   1.4599e-02
   1.3366e-02
   1.2221e-02
   1.1159e-02
   1.0175e-02
   9.2648e-03
   8.4249e-03
   7.6509e-03
   6.9387e-03
   6.2845e-03
   5.6844e-03
   5.1348e-03
   4.6323e-03
   4.1736e-03
   3.7554e-03
   3.3748e-03
   3.0288e-03
   2.7148e-03
   2.4303e-03
   2.1729e-03
   1.9402e-03
   1.7303e-03
   1.5412e-03
   1.3710e-03
   1.2182e-03
   1.0810e-03
   9.5805e-04
   8.4807e-04
   7.4979e-04
   6.6209e-04
   5.8394e-04
   5.1439e-04
   4.5257e-04
   3.9770e-04
   3.4907e-04
   3.0601e-04
   2.6795e-04
   2.3434e-04
   2.0470e-04
   1.7860e-04
   1.5564e-04
   1.3548e-04
   1.1778e-04
   1.0228e-04
   8.8716e-05
   7.6860e-05
   6.6510e-05
   5.7488e-05
   4.9632e-05
   4.2799e-05
   3.6865e-05
   3.1717e-05
   2.7256e-05
   2.3396e-05
   2.0060e-05
   1.7180e-05
   1.4696e-05
   1.2557e-05
   1.0717e-05
   9.1369e-06
   7.7806e-06
   6.6182e-06
   5.6230e-06
   4.7722e-06
   4.0455e-06
   3.4256e-06
   2.8975e-06
   2.4480e-06
   2.0660e-06
   1.7416e-06
   1.4665e-06
   1.2335e-06
   1.0364e-06
   8.6978e-07
   7.2915e-07
   6.1059e-07
   5.1074e-07
   4.2675e-07
   3.5618e-07
   2.9695e-07
   2.4730e-07
   2.0572e-07
   1.7095e-07
   1.4190e-07
   1.1766e-07
   9.7449e-08
   8.0624e-08
   6.6632e-08
   5.5009e-08
   4.5362e-08
   3.7366e-08
   3.0748e-08
   2.5274e-08
   2.0752e-08
   1.7021e-08
   1.3947e-08
   1.1415e-08
   9.3305e-09
   7.6205e-09
   6.2169e-09
   5.0656e-09
   4.1246e-09
   3.3557e-09
   2.7246e-09
   2.2102e-09
   1.7923e-09
   1.4511e-09
   1.1731e-09
   9.4888e-10
   7.6568e-10
   6.1511e-10
   4.9591e-10
   3.9858e-10
   3.2043e-10
   2.5737e-10
   2.0603e-10
   1.6624e-10
   1.3235e-10
   1.0437e-10
   8.2392e-11
   6.4991e-11
   5.1568e-11
   4.2172e-11
   3.2840e-11
   2.5188e-11
   2.0334e-11
   1.7932e-11
   1.4020e-11
   9.3294e-12
   8.8016e-12
   6.0508e-12
   4.5157e-12
   2.7269e-12
   1.1873e-12
   1.1645e-12
   1.5196e-12
   3.1487e-12
   1.3485e-12
  -1.3412e-13
  -5.3170e-14
   1.1439e-13
  -8.3765e-13
  -1.9458e-12
  -1.6118e-12
  -2.9777e-13
   7.0038e-13
  -9.1876e-13
  -2.0144e-13
   4.3365e-14
   1.5565e-12
   1.3873e-12
   9.1561e-13
   1.1463e-13
  -4.4673e-13
   5.1693e-13
   6.4482e-13
  -2.9309e-14
   9.9148e-13
   8.2452e-13
   1.5203e-12
   5.3682e-13
  -6.1120e-13
  -1.3584e-12
   2.5349e-13
  -9.0714e-13
  -7.9077e-13
  -2.2951e-12
  -1.4659e-12
  -2.2493e-12
  -2.4445e-13
   3.7299e-13
   4.9717e-13
   1.2391e-12
   2.1435e-12
   5.1242e-13
   1.1959e-12
   2.5298e-13
   5.4905e-13
   5.1404e-13
   1.3361e-12
  -7.6937e-13
  -6.2023e-13
  -2.5478e-13
  -4.8627e-14
   3.5906e-13
   1.0509e-12
  -3.3426e-14
, 