   2.1207e-02
   7.0515e-03
   2.9880e-02
   3.9667e-02
   4.9307e-02
   5.8764e-02
   6.8005e-02
   7.6996e-02
   8.5707e-02
   9.4108e-02
   1.0217e-01
   1.0987e-01
   1.1718e-01
   1.2408e-01
   1.3056e-01
   1.3659e-01
   1.4216e-01
   1.4726e-01
   1.5188e-01
   1.5601e-01
   1.5966e-01
   1.6282e-01
   1.6548e-01
   1.6766e-01
   1.6936e-01
   1.7059e-01
   1.7135e-01
   1.7167e-01
   1.7155e-01
   1.7101e-01
   1.7007e-01
   1.6874e-01
   1.6705e-01
   1.6501e-01
   1.6265e-01
   1.6000e-01
   1.5706e-01
   1.5387e-01
   1.5045e-01
   1.4683e-01
   1.4302e-01
   1.3905e-01
   1.3494e-01
   1.3072e-01
   1.2640e-01
   1.2201e-01
   1.1757e-01
   1.1309e-01
   1.0860e-01
   1.0412e-01
   9.9650e-02
   9.5216e-02
   9.0830e-02
   8.6506e-02
   8.2254e-02
   7.8087e-02
   7.4013e-02
   7.0041e-02
   6.6179e-02
   6.2432e-02
   5.8806e-02
   5.5306e-02
   5.1934e-02
   4.8694e-02
   4.5587e-02
   4.2614e-02
   3.9775e-02
   3.7069e-02
   3.4497e-02
   3.2055e-02
   2.9743e-02
   2.7556e-02
   2.5494e-02
   2.3551e-02
   2.1724e-02
   2.0011e-02
   1.8405e-02
   1.6905e-02
   1.5504e-02
   1.4199e-02
   1.2985e-02
   1.1859e-02
   1.0814e-02
   9.8478e-03
   8.9551e-03
   8.1319e-03
   7.3740e-03
   6.6773e-03
   6.0380e-03
   5.4523e-03
   4.9166e-03
   4.4273e-03
   3.9812e-03
   3.5750e-03
   3.2059e-03
   2.8709e-03
   2.5674e-03
   2.2928e-03
   2.0447e-03
   1.8210e-03
   1.6195e-03
   1.4384e-03
   1.2758e-03
   1.1300e-03
   9.9950e-04
   8.8288e-04
   7.7880e-04
   6.8607e-04
   6.0355e-04
   5.3024e-04
   4.6521e-04
   4.0760e-04
   3.5664e-04
   3.1163e-04
   2.7194e-04
   2.3698e-04
   2.0624e-04
   1.7924e-04
   1.5557e-04
   1.3485e-04
   1.1673e-04
   1.0091e-04
   8.7113e-05
   7.5104e-05
   6.4665e-05
   5.5603e-05
   4.7746e-05
   4.0946e-05
   3.5067e-05
   2.9992e-05
   2.5618e-05
   2.1853e-05
   1.8616e-05
   1.5838e-05
   1.3456e-05
   1.1418e-05
   9.6750e-06
   8.1876e-06
   6.9197e-06
   5.8404e-06
   4.9229e-06
   4.1441e-06
   3.4839e-06
   2.9251e-06
   2.4526e-06
   2.0537e-06
   1.7175e-06
   1.4344e-06
   1.1964e-06
   9.9657e-07
   8.2904e-07
   6.8877e-07
   5.7148e-07
   4.7354e-07
   3.9187e-07
   3.2387e-07
   2.6731e-07
   2.2035e-07
   1.8139e-07
   1.4913e-07
   1.2244e-07
   1.0040e-07
   8.2217e-08
   6.7241e-08
   5.4921e-08
   4.4800e-08
   3.6492e-08
   2.9688e-08
   2.4123e-08
   1.9573e-08
   1.5858e-08
   1.2830e-08
   1.0366e-08
   8.3655e-09
   6.7433e-09
   5.4272e-09
   4.3621e-09
   3.4987e-09
   2.8024e-09
   2.2464e-09
   1.8006e-09
   1.4460e-09
   1.1591e-09
   9.2589e-10
   7.3898e-10
   5.8778e-10
   4.6726e-10
   3.7232e-10
   2.9711e-10
   2.3875e-10
   1.9271e-10
   1.5547e-10
   1.2568e-10
   9.9776e-11
   7.9700e-11
   6.4555e-11
   5.0955e-11
   3.9201e-11
   3.0663e-11
   2.3202e-11
   2.0503e-11
   1.6844e-11
   1.0575e-11
   4.4499e-12
  -2.7516e-12
  -5.0021e-12
  -4.3577e-12
  -3.7034e-12
  -3.1013e-12
  -3.3979e-12
  -7.5988e-12
  -9.4930e-12
  -9.1333e-12
  -7.4728e-12
  -8.6183e-12
  -7.7915e-12
  -6.0836e-12
  -2.9603e-12
  -9.8018e-14
   2.2994e-13
  -2.0269e-12
  -6.3378e-12
  -1.2299e-11
  -1.3737e-11
  -1.2320e-11
  -1.1347e-11
  -9.6865e-12
  -6.5185e-12
  -7.5537e-12
  -4.5620e-12
  -5.2800e-12
  -7.0802e-12
  -6.4774e-12
  -4.6127e-12
  -3.2204e-12
  -8.2728e-13
  -4.0692e-12
  -5.2271e-12
  -8.7514e-12
  -1.3242e-11
  -1.4753e-11
  -1.2026e-11
  -9.5991e-12
  -5.9394e-12
  -3.4592e-12
  -1.7708e-12
  -1.1355e-12
  -1.6831e-12
  -3.4694e-12
  -4.3008e-12
  -5.6437e-12
  -6.2183e-12
  -5.9898e-12
  -4.8350e-12
  -2.0987e-12
  -2.2534e-12
  -2.8617e-12
  -5.5592e-12
  -7.7728e-12
  -8.4568e-12
  -7.5435e-12
  -1.8538e-12
   1.9047e-12
   3.1674e-12
   2.9827e-12
   2.1681e-12
   9.3986e-13
   1.1802e-12
  -1.0945e-12
  -1.7342e-12
  -4.0578e-12
  -2.0402e-12
  -6.9011e-13
   1.8903e-12
   1.8146e-12
   3.3611e-12
   2.0876e-13
  -3.5160e-12
  -2.9801e-12
  -2.5129e-12
,   -2.6019e-02
  -8.6221e-03
  -3.6474e-02
  -4.8132e-02
  -5.9370e-02
  -7.0088e-02
  -8.0194e-02
  -8.9601e-02
  -9.8229e-02
  -1.0601e-01
  -1.1287e-01
  -1.1875e-01
  -1.2363e-01
  -1.2744e-01
  -1.3017e-01
  -1.3180e-01
  -1.3233e-01
  -1.3174e-01
  -1.3007e-01
  -1.2732e-01
  -1.2353e-01
  -1.1873e-01
  -1.1298e-01
  -1.0633e-01
  -9.8832e-02
  -9.0563e-02
  -8.1591e-02
  -7.1993e-02
  -6.1850e-02
  -5.1242e-02
  -4.0255e-02
  -2.8974e-02
  -1.7483e-02
  -5.8690e-03
   5.7865e-03
   1.7402e-02
   2.8900e-02
   4.0205e-02
   5.1247e-02
   6.1959e-02
   7.2282e-02
   8.2158e-02
   9.1538e-02
   1.0038e-01
   1.0864e-01
   1.1629e-01
   1.2330e-01
   1.2966e-01
   1.3534e-01
   1.4035e-01
   1.4467e-01
   1.4831e-01
   1.5128e-01
   1.5358e-01
   1.5524e-01
   1.5628e-01
   1.5671e-01
   1.5657e-01
   1.5588e-01
   1.5467e-01
   1.5299e-01
   1.5086e-01
   1.4832e-01
   1.4540e-01
   1.4215e-01
   1.3860e-01
   1.3479e-01
   1.3074e-01
   1.2651e-01
   1.2212e-01
   1.1760e-01
   1.1299e-01
   1.0831e-01
   1.0360e-01
   9.8877e-02
   9.4167e-02
   8.9492e-02
   8.4873e-02
   8.0328e-02
   7.5874e-02
   7.1525e-02
   6.7292e-02
   6.3188e-02
   5.9220e-02
   5.5397e-02
   5.1724e-02
   4.8204e-02
   4.4842e-02
   4.1639e-02
   3.8595e-02
   3.5710e-02
   3.2982e-02
   3.0409e-02
   2.7988e-02
   2.5715e-02
   2.3587e-02
   2.1597e-02
   1.9742e-02
   1.8017e-02
   1.6414e-02
   1.4929e-02
   1.3557e-02
   1.2290e-02
   1.1123e-02
   1.0051e-02
   9.0677e-03
   8.1674e-03
   7.3447e-03
   6.5943e-03
   5.9113e-03
   5.2906e-03
   4.7277e-03
   4.2181e-03
   3.7576e-03
   3.3421e-03
   2.9680e-03
   2.6317e-03
   2.3300e-03
   2.0596e-03
   1.8179e-03
   1.6021e-03
   1.4098e-03
   1.2387e-03
   1.0868e-03
   9.5200e-04
   8.3271e-04
   7.2728e-04
   6.3425e-04
   5.5230e-04
   4.8023e-04
   4.1695e-04
   3.6148e-04
   3.1292e-04
   2.7049e-04
   2.3348e-04
   2.0123e-04
   1.7319e-04
   1.4883e-04
   1.2772e-04
   1.0944e-04
   9.3647e-05
   8.0016e-05
   6.8270e-05
   5.8165e-05
   4.9484e-05
   4.2039e-05
   3.5663e-05
   3.0211e-05
   2.5557e-05
   2.1588e-05
   1.8210e-05
   1.5339e-05
   1.2902e-05
   1.0837e-05
   9.0901e-06
   7.6138e-06
   6.3683e-06
   5.3191e-06
   4.4365e-06
   3.6952e-06
   3.0735e-06
   2.5528e-06
   2.1174e-06
   1.7537e-06
   1.4506e-06
   1.1981e-06
   9.8824e-07
   8.1400e-07
   6.6956e-07
   5.4998e-07
   4.5114e-07
   3.6955e-07
   3.0230e-07
   2.4695e-07
   2.0145e-07
   1.6412e-07
   1.3352e-07
   1.0847e-07
   8.8009e-08
   7.1308e-08
   5.7697e-08
   4.6620e-08
   3.7620e-08
   3.0317e-08
   2.4397e-08
   1.9608e-08
   1.5737e-08
   1.2615e-08
   1.0100e-08
   8.0776e-09
   6.4515e-09
   5.1475e-09
   4.1016e-09
   3.2622e-09
   2.5934e-09
   2.0597e-09
   1.6327e-09
   1.2942e-09
   1.0236e-09
   8.0743e-10
   6.3620e-10
   4.9854e-10
   3.8967e-10
   3.0525e-10
   2.4038e-10
   1.8907e-10
   1.4878e-10
   1.1984e-10
   9.4886e-11
   7.7029e-11
   6.3123e-11
   5.0600e-11
   4.3413e-11
   3.2604e-11
   2.3862e-11
   1.7971e-11
   1.2332e-11
   8.2258e-12
   6.0621e-12
   6.4406e-12
   5.9894e-12
   3.6251e-12
   3.1764e-12
  -3.6976e-13
  -1.9415e-12
  -8.2449e-13
  -2.6053e-13
   1.9357e-12
   1.2862e-12
   1.4313e-12
   2.7960e-12
   3.2723e-12
   2.1985e-12
   7.9915e-13
  -4.4707e-13
  -1.8698e-12
  -4.5123e-12
  -5.8530e-12
  -5.1728e-12
  -4.7564e-12
  -2.9698e-12
  -2.1112e-12
  -1.8914e-12
  -2.7083e-12
  -4.2337e-12
  -3.8779e-12
  -1.9940e-12
   1.7199e-12
   4.0355e-12
   6.3100e-12
   7.0816e-12
   6.0705e-12
   4.9347e-12
   2.6094e-12
   2.1250e-13
  -1.9372e-12
  -6.1830e-13
  -4.3605e-13
  -1.0862e-12
   3.5396e-14
   5.2112e-13
   2.3238e-13
   9.1095e-13
   3.7480e-13
  -9.8921e-13
  -1.9250e-12
  -3.0422e-12
  -1.5697e-12
  -4.8283e-13
   1.5260e-12
   2.3979e-12
   4.4412e-12
   4.4769e-12
   2.3590e-12
   3.6906e-12
   3.3506e-12
   2.5260e-12
   1.8010e-12
   2.6471e-12
   1.2669e-12
,    2.9075e-02
   9.6018e-03
   4.0549e-02
   5.3189e-02
   6.5094e-02
   7.6100e-02
   8.6057e-02
   9.4828e-02
   1.0230e-01
   1.0836e-01
   1.1294e-01
   1.1597e-01
   1.1742e-01
   1.1728e-01
   1.1554e-01
   1.1225e-01
   1.0744e-01
   1.0119e-01
   9.3592e-02
   8.4746e-02
   7.4777e-02
   6.3822e-02
   5.2031e-02
   3.9560e-02
   2.6577e-02
   1.3250e-02
  -2.4605e-04
  -1.3739e-02
  -2.7058e-02
  -4.0038e-02
  -5.2518e-02
  -6.4349e-02
  -7.5391e-02
  -8.5515e-02
  -9.4607e-02
  -1.0257e-01
  -1.0932e-01
  -1.1478e-01
  -1.1892e-01
  -1.2168e-01
  -1.2307e-01
  -1.2307e-01
  -1.2171e-01
  -1.1901e-01
  -1.1503e-01
  -1.0982e-01
  -1.0345e-01
  -9.5999e-02
  -8.7571e-02
  -7.8259e-02
  -6.8170e-02
  -5.7416e-02
  -4.6110e-02
  -3.4369e-02
  -2.2310e-02
  -1.0048e-02
   2.3035e-03
   1.4635e-02
   2.6841e-02
   3.8823e-02
   5.0488e-02
   6.1750e-02
   7.2531e-02
   8.2763e-02
   9.2384e-02
   1.0134e-01
   1.0960e-01
   1.1711e-01
   1.2386e-01
   1.2983e-01
   1.3501e-01
   1.3939e-01
   1.4300e-01
   1.4583e-01
   1.4790e-01
   1.4925e-01
   1.4990e-01
   1.4988e-01
   1.4924e-01
   1.4801e-01
   1.4624e-01
   1.4396e-01
   1.4123e-01
   1.3809e-01
   1.3459e-01
   1.3077e-01
   1.2669e-01
   1.2237e-01
   1.1786e-01
   1.1322e-01
   1.0846e-01
   1.0363e-01
   9.8768e-02
   9.3897e-02
   8.9049e-02
   8.4249e-02
   7.9521e-02
   7.4885e-02
   7.0359e-02
   6.5959e-02
   6.1699e-02
   5.7589e-02
   5.3639e-02
   4.9854e-02
   4.6240e-02
   4.2800e-02
   3.9535e-02
   3.6447e-02
   3.3533e-02
   3.0792e-02
   2.8220e-02
   2.5813e-02
   2.3566e-02
   2.1475e-02
   1.9532e-02
   1.7733e-02
   1.6069e-02
   1.4535e-02
   1.3124e-02
   1.1828e-02
   1.0642e-02
   9.5570e-03
   8.5679e-03
   7.6677e-03
   6.8501e-03
   6.1092e-03
   5.4391e-03
   4.8342e-03
   4.2893e-03
   3.7994e-03
   3.3598e-03
   2.9661e-03
   2.6142e-03
   2.3002e-03
   2.0206e-03
   1.7721e-03
   1.5516e-03
   1.3563e-03
   1.1837e-03
   1.0314e-03
   8.9729e-04
   7.7934e-04
   6.7582e-04
   5.8512e-04
   5.0579e-04
   4.3653e-04
   3.7616e-04
   3.2363e-04
   2.7800e-04
   2.3844e-04
   2.0419e-04
   1.7459e-04
   1.4905e-04
   1.2705e-04
   1.0813e-04
   9.1890e-05
   7.7969e-05
   6.6057e-05
   5.5879e-05
   4.7199e-05
   3.9807e-05
   3.3522e-05
   2.8187e-05
   2.3665e-05
   1.9840e-05
   1.6608e-05
   1.3881e-05
   1.1586e-05
   9.6551e-06
   8.0344e-06
   6.6759e-06
   5.5390e-06
   4.5889e-06
   3.7962e-06
   3.1359e-06
   2.5866e-06
   2.1304e-06
   1.7522e-06
   1.4390e-06
   1.1801e-06
   9.6632e-07
   7.9015e-07
   6.4517e-07
   5.2603e-07
   4.2828e-07
   3.4819e-07
   2.8267e-07
   2.2915e-07
   1.8550e-07
   1.4994e-07
   1.2103e-07
   9.7557e-08
   7.8527e-08
   6.3121e-08
   5.0666e-08
   4.0609e-08
   3.2501e-08
   2.5975e-08
   2.0729e-08
   1.6521e-08
   1.3152e-08
   1.0457e-08
   8.3023e-09
   6.5817e-09
   5.2081e-09
   4.1147e-09
   3.2472e-09
   2.5618e-09
   2.0211e-09
   1.5945e-09
   1.2558e-09
   9.8609e-10
   7.7315e-10
   6.0563e-10
   4.7471e-10
   3.7054e-10
   2.8892e-10
   2.2418e-10
   1.7494e-10
   1.3576e-10
   1.0456e-10
   7.9950e-11
   6.0667e-11
   4.8380e-11
   3.9160e-11
   3.0893e-11
   2.2817e-11
   1.7318e-11
   1.3991e-11
   1.3572e-11
   1.2518e-11
   9.4222e-12
   5.2848e-12
   2.0310e-12
   8.6134e-13
   1.5783e-12
   4.0732e-12
   5.4735e-12
   7.1007e-12
   6.6531e-12
   6.2754e-12
   5.4365e-12
   3.4022e-12
   2.6825e-12
   3.5998e-12
   5.3449e-12
   5.9556e-12
   4.4250e-12
   3.4889e-13
  -2.7769e-12
  -4.5198e-12
  -4.7984e-12
  -4.7831e-12
  -3.7369e-12
  -2.5255e-12
  -1.8605e-12
  -1.9205e-12
  -3.8779e-12
  -5.1015e-12
  -5.4654e-12
  -3.4548e-12
  -1.5702e-12
  -1.1755e-12
  -2.6530e-12
  -5.0689e-12
  -6.8856e-12
  -8.9439e-12
  -9.7659e-12
  -1.0191e-11
  -9.2046e-12
  -6.3490e-12
  -3.0150e-12
  -9.2055e-13
   1.0053e-12
   1.3313e-12
  -2.5271e-13
  -8.8383e-13
  -1.1739e-12
   2.3192e-15
   3.4671e-13
, 