  2.6653e-002
  8.8543e-003
  3.7503e-002
  4.9709e-002
  6.1666e-002
  7.3315e-002
  8.4599e-002
  9.5465e-002
  1.0586e-001
  1.1575e-001
  1.2508e-001
  1.3381e-001
  1.4192e-001
  1.4938e-001
  1.5615e-001
  1.6224e-001
  1.6761e-001
  1.7226e-001
  1.7620e-001
  1.7942e-001
  1.8193e-001
  1.8374e-001
  1.8487e-001
  1.8533e-001
  1.8515e-001
  1.8437e-001
  1.8299e-001
  1.8107e-001
  1.7863e-001
  1.7572e-001
  1.7236e-001
  1.6860e-001
  1.6447e-001
  1.6003e-001
  1.5530e-001
  1.5033e-001
  1.4515e-001
  1.3981e-001
  1.3434e-001
  1.2878e-001
  1.2316e-001
  1.1751e-001
  1.1186e-001
  1.0625e-001
  1.0069e-001
  9.5206e-002
  8.9825e-002
  8.4564e-002
  7.9440e-002
  7.4466e-002
  6.9655e-002
  6.5018e-002
  6.0562e-002
  5.6294e-002
  5.2219e-002
  4.8339e-002
  4.4656e-002
  4.1169e-002
  3.7878e-002
  3.4780e-002
  3.1872e-002
  2.9148e-002
  2.6604e-002
  2.4234e-002
  2.2032e-002
  1.9990e-002
  1.8102e-002
  1.6361e-002
  1.4758e-002
  1.3287e-002
  1.1939e-002
  1.0707e-002
  9.5841e-003
  8.5623e-003
  7.6349e-003
  6.7950e-003
  6.0360e-003
  5.3516e-003
  4.7358e-003
  4.1830e-003
  3.6877e-003
  3.2450e-003
  2.8501e-003
  2.4985e-003
  2.1862e-003
  1.9094e-003
  1.6645e-003
  1.4484e-003
  1.2579e-003
  1.0905e-003
  9.4361e-004
  8.1499e-004
  7.0260e-004
  6.0459e-004
  5.1929e-004
  4.4521e-004
  3.8098e-004
  3.2541e-004
  2.7744e-004
  2.3609e-004
  2.0052e-004
  1.6999e-004
  1.4382e-004
  1.2144e-004
  1.0233e-004
  8.6043e-005
  7.2178e-005
  6.0393e-005
  5.0387e-005
  4.1899e-005
  3.4699e-005
  2.8590e-005
  2.3398e-005
  1.8972e-005
  1.5182e-005
  1.1909e-005
  9.0506e-006
  6.5138e-006
  4.2129e-006
  2.0676e-006
,  -3.2696e-002
 -1.0812e-002
 -4.5689e-002
 -6.0069e-002
 -7.3736e-002
 -8.6529e-002
 -9.8298e-002
 -1.0891e-001
 -1.1824e-001
 -1.2618e-001
 -1.3265e-001
 -1.3759e-001
 -1.4093e-001
 -1.4266e-001
 -1.4276e-001
 -1.4125e-001
 -1.3815e-001
 -1.3351e-001
 -1.2740e-001
 -1.1990e-001
 -1.1110e-001
 -1.0111e-001
 -9.0057e-002
 -7.8059e-002
 -6.5255e-002
 -5.1788e-002
 -3.7802e-002
 -2.3443e-002
 -8.8565e-003
  5.8147e-003
  2.0431e-002
  3.4860e-002
  4.8975e-002
  6.2658e-002
  7.5801e-002
  8.8305e-002
  1.0008e-001
  1.1106e-001
  1.2118e-001
  1.3038e-001
  1.3862e-001
  1.4588e-001
  1.5215e-001
  1.5741e-001
  1.6168e-001
  1.6496e-001
  1.6729e-001
  1.6869e-001
  1.6921e-001
  1.6888e-001
  1.6777e-001
  1.6593e-001
  1.6341e-001
  1.6028e-001
  1.5659e-001
  1.5242e-001
  1.4782e-001
  1.4287e-001
  1.3760e-001
  1.3210e-001
  1.2641e-001
  1.2058e-001
  1.1468e-001
  1.0873e-001
  1.0279e-001
  9.6901e-002
  9.1088e-002
  8.5387e-002
  7.9824e-002
  7.4424e-002
  6.9205e-002
  6.4185e-002
  5.9376e-002
  5.4788e-002
  5.0427e-002
  4.6298e-002
  4.2403e-002
  3.8742e-002
  3.5311e-002
  3.2108e-002
  2.9126e-002
  2.6359e-002
  2.3800e-002
  2.1440e-002
  1.9270e-002
  1.7280e-002
  1.5460e-002
  1.3802e-002
  1.2294e-002
  1.0926e-002
  9.6891e-003
  8.5734e-003
  7.5697e-003
  6.6690e-003
  5.8627e-003
  5.1427e-003
  4.5015e-003
  3.9316e-003
  3.4265e-003
  2.9797e-003
  2.5855e-003
  2.2385e-003
  1.9336e-003
  1.6663e-003
  1.4325e-003
  1.2284e-003
  1.0504e-003
  8.9546e-004
  7.6078e-004
  6.4380e-004
  5.4220e-004
  4.5392e-004
  3.7710e-004
  3.1004e-004
  2.5123e-004
  1.9926e-004
  1.5287e-004
  1.1085e-004
  7.2094e-005
  3.5501e-005
,    0.0365
   0.0120
   0.0507
   0.0661
   0.0802
   0.0929
   0.1038
   0.1128
   0.1197
   0.1243
   0.1267
   0.1267
   0.1244
   0.1198
   0.1130
   0.1041
   0.0934
   0.0810
   0.0671
   0.0520
   0.0361
   0.0194
   0.0025
  -0.0145
  -0.0313
  -0.0475
  -0.0629
  -0.0773
  -0.0903
  -0.1019
  -0.1119
  -0.1200
  -0.1263
  -0.1305
  -0.1327
  -0.1329
  -0.1311
  -0.1274
  -0.1218
  -0.1144
  -0.1054
  -0.0949
  -0.0831
  -0.0702
  -0.0564
  -0.0419
  -0.0268
  -0.0114
   0.0042
   0.0197
   0.0350
   0.0499
   0.0642
   0.0779
   0.0907
   0.1027
   0.1136
   0.1235
   0.1323
   0.1399
   0.1464
   0.1517
   0.1559
   0.1589
   0.1609
   0.1618
   0.1618
   0.1608
   0.1590
   0.1564
   0.1532
   0.1493
   0.1448
   0.1400
   0.1347
   0.1291
   0.1233
   0.1174
   0.1113
   0.1051
   0.0990
   0.0929
   0.0870
   0.0811
   0.0754
   0.0699
   0.0646
   0.0595
   0.0547
   0.0501
   0.0458
   0.0417
   0.0379
   0.0343
   0.0310
   0.0280
   0.0251
   0.0225
   0.0201
   0.0180
   0.0160
   0.0142
   0.0125
   0.0110
   0.0097
   0.0085
   0.0074
   0.0065
   0.0056
   0.0048
   0.0041
   0.0035
   0.0030
   0.0025
   0.0020
   0.0016
   0.0013
   0.0009
   0.0006
   0.0003
, 