  9.5081e-003
  3.1667e-003
  1.3429e-002
  1.7879e-002
  2.2306e-002
  2.6704e-002
  3.1068e-002
  3.5393e-002
  3.9672e-002
  4.3901e-002
  4.8075e-002
  5.2188e-002
  5.6235e-002
  6.0211e-002
  6.4112e-002
  6.7934e-002
  7.1671e-002
  7.5320e-002
  7.8876e-002
  8.2337e-002
  8.5697e-002
  8.8954e-002
  9.2104e-002
  9.5144e-002
  9.8072e-002
  1.0089e-001
  1.0358e-001
  1.0616e-001
  1.0861e-001
  1.1094e-001
  1.1315e-001
  1.1523e-001
  1.1718e-001
  1.1901e-001
  1.2071e-001
  1.2228e-001
  1.2372e-001
  1.2503e-001
  1.2622e-001
  1.2728e-001
  1.2821e-001
  1.2901e-001
  1.2969e-001
  1.3025e-001
  1.3069e-001
  1.3100e-001
  1.3120e-001
  1.3128e-001
  1.3125e-001
  1.3111e-001
  1.3086e-001
  1.3050e-001
  1.3004e-001
  1.2948e-001
  1.2882e-001
  1.2807e-001
  1.2722e-001
  1.2629e-001
  1.2527e-001
  1.2417e-001
  1.2300e-001
  1.2175e-001
  1.2043e-001
  1.1904e-001
  1.1759e-001
  1.1608e-001
  1.1451e-001
  1.1289e-001
  1.1122e-001
  1.0950e-001
  1.0775e-001
  1.0595e-001
  1.0412e-001
  1.0226e-001
  1.0036e-001
  9.8447e-002
  9.6509e-002
  9.4551e-002
  9.2578e-002
  9.0593e-002
  8.8598e-002
  8.6596e-002
  8.4590e-002
  8.2583e-002
  8.0577e-002
  7.8576e-002
  7.6580e-002
  7.4593e-002
  7.2616e-002
  7.0653e-002
  6.8704e-002
  6.6772e-002
  6.4859e-002
  6.2966e-002
  6.1095e-002
  5.9247e-002
  5.7424e-002
  5.5627e-002
  5.3858e-002
  5.2116e-002
  5.0405e-002
  4.8723e-002
  4.7073e-002
  4.5455e-002
  4.3869e-002
  4.2316e-002
  4.0797e-002
  3.9312e-002
  3.7862e-002
  3.6446e-002
  3.5065e-002
  3.3719e-002
  3.2408e-002
  3.1132e-002
  2.9891e-002
  2.8685e-002
  2.7514e-002
  2.6377e-002
  2.5275e-002
  2.4206e-002
  2.3171e-002
  2.2168e-002
  2.1199e-002
  2.0262e-002
  1.9357e-002
  1.8483e-002
  1.7639e-002
  1.6826e-002
  1.6043e-002
  1.5288e-002
  1.4562e-002
  1.3863e-002
  1.3191e-002
  1.2546e-002
  1.1927e-002
  1.1332e-002
  1.0762e-002
  1.0216e-002
  9.6925e-003
  9.1916e-003
  8.7123e-003
  8.2540e-003
  7.8160e-003
  7.3977e-003
  6.9985e-003
  6.6176e-003
  6.2544e-003
  5.9083e-003
  5.5787e-003
  5.2650e-003
  4.9665e-003
  4.6827e-003
  4.4130e-003
  4.1569e-003
  3.9138e-003
  3.6832e-003
  3.4645e-003
  3.2572e-003
  3.0609e-003
  2.8751e-003
  2.6992e-003
  2.5330e-003
  2.3758e-003
  2.2274e-003
  2.0872e-003
  1.9550e-003
  1.8302e-003
  1.7126e-003
  1.6019e-003
  1.4976e-003
  1.3994e-003
  1.3070e-003
  1.2202e-003
  1.1386e-003
  1.0620e-003
  9.9004e-004
  9.2255e-004
  8.5925e-004
  7.9993e-004
  7.4436e-004
  6.9233e-004
  6.4363e-004
  5.9808e-004
  5.5550e-004
  5.1571e-004
  4.7855e-004
  4.4385e-004
  4.1149e-004
  3.8130e-004
  3.5317e-004
  3.2696e-004
  3.0255e-004
  2.7984e-004
  2.5871e-004
  2.3907e-004
  2.2081e-004
  2.0385e-004
  1.8811e-004
  1.7350e-004
  1.5994e-004
  1.4738e-004
  1.3574e-004
  1.2496e-004
  1.1497e-004
  1.0574e-004
  9.7193e-005
  8.9294e-005
  8.1995e-005
  7.5252e-005
  6.9026e-005
  6.3280e-005
  5.7978e-005
  5.3088e-005
  4.8580e-005
  4.4424e-005
  4.0595e-005
  3.7068e-005
  3.3818e-005
  3.0825e-005
  2.8069e-005
  2.5530e-005
  2.3192e-005
  2.1037e-005
  1.9050e-005
  1.7218e-005
  1.5526e-005
  1.3962e-005
  1.2515e-005
  1.1173e-005
  9.9261e-006
  8.7647e-006
  7.6794e-006
  6.6614e-006
  5.7024e-006
  4.7945e-006
  3.9298e-006
  3.1010e-006
  2.3008e-006
  1.5219e-006
  7.5737e-007
,  -1.1663e-002
 -3.8799e-003
 -1.6444e-002
 -2.1849e-002
 -2.7188e-002
 -3.2445e-002
 -3.7604e-002
 -4.2651e-002
 -4.7570e-002
 -5.2347e-002
 -5.6966e-002
 -6.1416e-002
 -6.5682e-002
 -6.9753e-002
 -7.3616e-002
 -7.7260e-002
 -8.0675e-002
 -8.3852e-002
 -8.6781e-002
 -8.9454e-002
 -9.1864e-002
 -9.4005e-002
 -9.5871e-002
 -9.7457e-002
 -9.8760e-002
 -9.9777e-002
 -1.0051e-001
 -1.0094e-001
 -1.0109e-001
 -1.0095e-001
 -1.0053e-001
 -9.9813e-002
 -9.8818e-002
 -9.7545e-002
 -9.5999e-002
 -9.4184e-002
 -9.2109e-002
 -8.9778e-002
 -8.7201e-002
 -8.4386e-002
 -8.1340e-002
 -7.8075e-002
 -7.4600e-002
 -7.0925e-002
 -6.7061e-002
 -6.3020e-002
 -5.8814e-002
 -5.4454e-002
 -4.9953e-002
 -4.5324e-002
 -4.0579e-002
 -3.5730e-002
 -3.0792e-002
 -2.5777e-002
 -2.0698e-002
 -1.5569e-002
 -1.0401e-002
 -5.2080e-003
 -2.6086e-006
  5.2027e-003
  1.0396e-002
  1.5565e-002
  2.0698e-002
  2.5783e-002
  3.0811e-002
  3.5770e-002
  4.0649e-002
  4.5440e-002
  5.0132e-002
  5.4717e-002
  5.9187e-002
  6.3533e-002
  6.7749e-002
  7.1827e-002
  7.5761e-002
  7.9546e-002
  8.3175e-002
  8.6645e-002
  8.9951e-002
  9.3090e-002
  9.6058e-002
  9.8853e-002
  1.0147e-001
  1.0392e-001
  1.0618e-001
  1.0827e-001
  1.1018e-001
  1.1191e-001
  1.1346e-001
  1.1484e-001
  1.1605e-001
  1.1708e-001
  1.1794e-001
  1.1864e-001
  1.1917e-001
  1.1955e-001
  1.1976e-001
  1.1983e-001
  1.1974e-001
  1.1952e-001
  1.1915e-001
  1.1865e-001
  1.1802e-001
  1.1727e-001
  1.1640e-001
  1.1542e-001
  1.1433e-001
  1.1313e-001
  1.1184e-001
  1.1046e-001
  1.0900e-001
  1.0746e-001
  1.0584e-001
  1.0415e-001
  1.0240e-001
  1.0060e-001
  9.8742e-002
  9.6837e-002
  9.4891e-002
  9.2909e-002
  9.0895e-002
  8.8855e-002
  8.6792e-002
  8.4711e-002
  8.2617e-002
  8.0514e-002
  7.8406e-002
  7.6297e-002
  7.4190e-002
  7.2088e-002
  6.9996e-002
  6.7917e-002
  6.5852e-002
  6.3806e-002
  6.1780e-002
  5.9778e-002
  5.7801e-002
  5.5852e-002
  5.3932e-002
  5.2043e-002
  5.0187e-002
  4.8366e-002
  4.6580e-002
  4.4831e-002
  4.3121e-002
  4.1448e-002
  3.9816e-002
  3.8223e-002
  3.6671e-002
  3.5160e-002
  3.3691e-002
  3.2263e-002
  3.0876e-002
  2.9531e-002
  2.8227e-002
  2.6965e-002
  2.5744e-002
  2.4563e-002
  2.3422e-002
  2.2321e-002
  2.1259e-002
  2.0236e-002
  1.9251e-002
  1.8303e-002
  1.7392e-002
  1.6516e-002
  1.5675e-002
  1.4869e-002
  1.4096e-002
  1.3356e-002
  1.2647e-002
  1.1969e-002
  1.1321e-002
  1.0702e-002
  1.0112e-002
  9.5483e-003
  9.0112e-003
  8.4996e-003
  8.0125e-003
  7.5493e-003
  7.1088e-003
  6.6904e-003
  6.2932e-003
  5.9163e-003
  5.5589e-003
  5.2202e-003
  4.8996e-003
  4.5961e-003
  4.3090e-003
  4.0377e-003
  3.7815e-003
  3.5395e-003
  3.3113e-003
  3.0961e-003
  2.8932e-003
  2.7023e-003
  2.5225e-003
  2.3534e-003
  2.1944e-003
  2.0451e-003
  1.9048e-003
  1.7732e-003
  1.6497e-003
  1.5340e-003
  1.4255e-003
  1.3240e-003
  1.2289e-003
  1.1400e-003
  1.0568e-003
  9.7909e-004
  9.0648e-004
  8.3867e-004
  7.7537e-004
  7.1631e-004
  6.6121e-004
  6.0983e-004
  5.6192e-004
  5.1727e-004
  4.7564e-004
  4.3685e-004
  4.0068e-004
  3.6697e-004
  3.3553e-004
  3.0619e-004
  2.7880e-004
  2.5321e-004
  2.2927e-004
  2.0685e-004
  1.8581e-004
  1.6604e-004
  1.4740e-004
  1.2979e-004
  1.1310e-004
  9.7211e-005
  8.2024e-005
  6.7438e-005
  5.3350e-005
  3.9661e-005
  2.6273e-005
  1.3086e-005
,    0.0130
   0.0043
   0.0184
   0.0243
   0.0302
   0.0359
   0.0415
   0.0469
   0.0520
   0.0569
   0.0615
   0.0658
   0.0699
   0.0736
   0.0769
   0.0799
   0.0825
   0.0847
   0.0866
   0.0880
   0.0890
   0.0896
   0.0898
   0.0896
   0.0889
   0.0878
   0.0864
   0.0845
   0.0823
   0.0796
   0.0766
   0.0733
   0.0696
   0.0656
   0.0613
   0.0567
   0.0519
   0.0469
   0.0416
   0.0361
   0.0305
   0.0248
   0.0189
   0.0130
   0.0070
   0.0009
  -0.0051
  -0.0111
  -0.0171
  -0.0230
  -0.0288
  -0.0344
  -0.0399
  -0.0453
  -0.0505
  -0.0554
  -0.0601
  -0.0646
  -0.0688
  -0.0727
  -0.0764
  -0.0797
  -0.0827
  -0.0853
  -0.0877
  -0.0896
  -0.0913
  -0.0925
  -0.0934
  -0.0940
  -0.0942
  -0.0940
  -0.0935
  -0.0926
  -0.0914
  -0.0898
  -0.0879
  -0.0857
  -0.0832
  -0.0803
  -0.0772
  -0.0738
  -0.0702
  -0.0663
  -0.0622
  -0.0579
  -0.0533
  -0.0486
  -0.0438
  -0.0388
  -0.0337
  -0.0284
  -0.0231
  -0.0177
  -0.0122
  -0.0067
  -0.0012
   0.0043
   0.0098
   0.0153
   0.0207
   0.0261
   0.0314
   0.0366
   0.0417
   0.0467
   0.0516
   0.0563
   0.0609
   0.0653
   0.0696
   0.0737
   0.0777
   0.0814
   0.0850
   0.0883
   0.0915
   0.0944
   0.0972
   0.0997
   0.1021
   0.1042
   0.1062
   0.1079
   0.1094
   0.1107
   0.1119
   0.1128
   0.1135
   0.1141
   0.1144
   0.1146
   0.1146
   0.1145
   0.1142
   0.1137
   0.1131
   0.1124
   0.1115
   0.1105
   0.1093
   0.1081
   0.1067
   0.1053
   0.1037
   0.1021
   0.1003
   0.0986
   0.0967
   0.0948
   0.0928
   0.0908
   0.0888
   0.0867
   0.0846
   0.0824
   0.0803
   0.0781
   0.0759
   0.0738
   0.0716
   0.0694
   0.0673
   0.0651
   0.0630
   0.0609
   0.0588
   0.0567
   0.0547
   0.0527
   0.0508
   0.0488
   0.0470
   0.0451
   0.0433
   0.0416
   0.0398
   0.0382
   0.0365
   0.0349
   0.0334
   0.0319
   0.0304
   0.0290
   0.0277
   0.0264
   0.0251
   0.0239
   0.0227
   0.0216
   0.0205
   0.0194
   0.0184
   0.0174
   0.0165
   0.0156
   0.0148
   0.0140
   0.0132
   0.0124
   0.0117
   0.0111
   0.0104
   0.0098
   0.0092
   0.0087
   0.0081
   0.0076
   0.0072
   0.0067
   0.0063
   0.0059
   0.0055
   0.0051
   0.0048
   0.0044
   0.0041
   0.0038
   0.0036
   0.0033
   0.0031
   0.0028
   0.0026
   0.0024
   0.0022
   0.0020
   0.0018
   0.0017
   0.0015
   0.0014
   0.0012
   0.0011
   0.0009
   0.0008
   0.0007
   0.0006
   0.0004
   0.0003
   0.0002
   0.0001
, 