  4.4334e-003
  1.4774e-003
  6.2669e-003
  8.3514e-003
  1.0432e-002
  1.2508e-002
  1.4578e-002
  1.6641e-002
  1.8696e-002
  2.0743e-002
  2.2780e-002
  2.4807e-002
  2.6822e-002
  2.8825e-002
  3.0815e-002
  3.2790e-002
  3.4751e-002
  3.6695e-002
  3.8623e-002
  4.0533e-002
  4.2425e-002
  4.4297e-002
  4.6149e-002
  4.7980e-002
  4.9790e-002
  5.1577e-002
  5.3342e-002
  5.5082e-002
  5.6797e-002
  5.8488e-002
  6.0152e-002
  6.1790e-002
  6.3400e-002
  6.4983e-002
  6.6537e-002
  6.8063e-002
  6.9558e-002
  7.1024e-002
  7.2459e-002
  7.3863e-002
  7.5235e-002
  7.6575e-002
  7.7883e-002
  7.9158e-002
  8.0400e-002
  8.1608e-002
  8.2783e-002
  8.3923e-002
  8.5029e-002
  8.6100e-002
  8.7136e-002
  8.8138e-002
  8.9103e-002
  9.0034e-002
  9.0928e-002
  9.1787e-002
  9.2610e-002
  9.3397e-002
  9.4148e-002
  9.4864e-002
  9.5543e-002
  9.6186e-002
  9.6793e-002
  9.7365e-002
  9.7901e-002
  9.8401e-002
  9.8865e-002
  9.9294e-002
  9.9688e-002
  1.0005e-001
  1.0037e-001
  1.0066e-001
  1.0092e-001
  1.0114e-001
  1.0132e-001
  1.0148e-001
  1.0160e-001
  1.0168e-001
  1.0174e-001
  1.0176e-001
  1.0175e-001
  1.0171e-001
  1.0164e-001
  1.0154e-001
  1.0141e-001
  1.0125e-001
  1.0106e-001
  1.0084e-001
  1.0059e-001
  1.0032e-001
  1.0001e-001
  9.9685e-002
  9.9330e-002
  9.8950e-002
  9.8544e-002
  9.8114e-002
  9.7660e-002
  9.7182e-002
  9.6682e-002
  9.6160e-002
  9.5616e-002
  9.5050e-002
  9.4465e-002
  9.3859e-002
  9.3234e-002
  9.2591e-002
  9.1929e-002
  9.1250e-002
  9.0555e-002
  8.9842e-002
  8.9115e-002
  8.8372e-002
  8.7614e-002
  8.6843e-002
  8.6059e-002
  8.5262e-002
  8.4453e-002
  8.3632e-002
  8.2801e-002
  8.1959e-002
  8.1107e-002
  8.0247e-002
  7.9377e-002
  7.8500e-002
  7.7615e-002
  7.6724e-002
  7.5826e-002
  7.4922e-002
  7.4013e-002
  7.3099e-002
  7.2181e-002
  7.1259e-002
  7.0334e-002
  6.9406e-002
  6.8476e-002
  6.7544e-002
  6.6611e-002
  6.5677e-002
  6.4743e-002
  6.3808e-002
  6.2875e-002
  6.1942e-002
  6.1010e-002
  6.0080e-002
  5.9152e-002
  5.8227e-002
  5.7304e-002
  5.6385e-002
  5.5469e-002
  5.4557e-002
  5.3649e-002
  5.2746e-002
  5.1848e-002
  5.0955e-002
  5.0067e-002
  4.9185e-002
  4.8310e-002
  4.7440e-002
  4.6577e-002
  4.5721e-002
  4.4871e-002
  4.4029e-002
  4.3195e-002
  4.2368e-002
  4.1548e-002
  4.0737e-002
  3.9934e-002
  3.9139e-002
  3.8353e-002
  3.7575e-002
  3.6806e-002
  3.6046e-002
  3.5295e-002
  3.4553e-002
  3.3820e-002
  3.3097e-002
  3.2383e-002
  3.1678e-002
  3.0983e-002
  3.0297e-002
  2.9622e-002
  2.8955e-002
  2.8299e-002
  2.7652e-002
  2.7015e-002
  2.6388e-002
  2.5770e-002
  2.5163e-002
  2.4565e-002
  2.3977e-002
  2.3399e-002
  2.2830e-002
  2.2271e-002
  2.1722e-002
  2.1183e-002
  2.0653e-002
  2.0133e-002
  1.9622e-002
  1.9121e-002
  1.8629e-002
  1.8147e-002
  1.7674e-002
  1.7210e-002
  1.6755e-002
  1.6310e-002
  1.5873e-002
  1.5445e-002
  1.5026e-002
  1.4616e-002
  1.4215e-002
  1.3822e-002
  1.3437e-002
  1.3061e-002
  1.2693e-002
  1.2334e-002
  1.1982e-002
  1.1638e-002
  1.1303e-002
  1.0975e-002
  1.0654e-002
  1.0341e-002
  1.0036e-002
  9.7375e-003
  9.4466e-003
  9.1627e-003
  8.8857e-003
  8.6157e-003
  8.3523e-003
  8.0956e-003
  7.8454e-003
  7.6016e-003
  7.3641e-003
  7.1328e-003
  6.9076e-003
  6.6882e-003
  6.4748e-003
  6.2670e-003
  6.0649e-003
  5.8682e-003
  5.6770e-003
  5.4910e-003
  5.3102e-003
  5.1345e-003
  4.9637e-003
  4.7977e-003
  4.6366e-003
  4.4800e-003
  4.3280e-003
  4.1805e-003
  4.0372e-003
  3.8982e-003
  3.7634e-003
  3.6326e-003
  3.5057e-003
  3.3827e-003
  3.2634e-003
  3.1478e-003
  3.0358e-003
  2.9272e-003
  2.8221e-003
  2.7203e-003
  2.6217e-003
  2.5262e-003
  2.4338e-003
  2.3444e-003
  2.2579e-003
  2.1742e-003
  2.0932e-003
  2.0150e-003
  1.9393e-003
  1.8661e-003
  1.7954e-003
  1.7271e-003
  1.6611e-003
  1.5974e-003
  1.5358e-003
  1.4764e-003
  1.4190e-003
  1.3636e-003
  1.3102e-003
  1.2586e-003
  1.2089e-003
  1.1609e-003
  1.1147e-003
  1.0701e-003
  1.0271e-003
  9.8571e-004
  9.4581e-004
  9.0736e-004
  8.7034e-004
  8.3468e-004
  8.0035e-004
  7.6731e-004
  7.3550e-004
  7.0490e-004
  6.7545e-004
  6.4713e-004
  6.1989e-004
  5.9369e-004
  5.6851e-004
  5.4431e-004
  5.2105e-004
  4.9870e-004
  4.7722e-004
  4.5660e-004
  4.3679e-004
  4.1778e-004
  3.9952e-004
  3.8200e-004
  3.6519e-004
  3.4906e-004
  3.3358e-004
  3.1874e-004
  3.0450e-004
  2.9086e-004
  2.7778e-004
  2.6524e-004
  2.5322e-004
  2.4171e-004
  2.3069e-004
  2.2013e-004
  2.1002e-004
  2.0034e-004
  1.9107e-004
  1.8220e-004
  1.7371e-004
  1.6559e-004
  1.5783e-004
  1.5040e-004
  1.4330e-004
  1.3651e-004
  1.3002e-004
  1.2381e-004
  1.1789e-004
  1.1222e-004
  1.0681e-004
  1.0165e-004
  9.6712e-005
  9.2001e-005
  8.7505e-005
  8.3213e-005
  7.9117e-005
  7.5210e-005
  7.1482e-005
  6.7926e-005
  6.4535e-005
  6.1302e-005
  5.8219e-005
  5.5280e-005
  5.2479e-005
  4.9810e-005
  4.7267e-005
  4.4844e-005
  4.2536e-005
  4.0337e-005
  3.8243e-005
  3.6249e-005
  3.4350e-005
  3.2542e-005
  3.0821e-005
  2.9183e-005
  2.7623e-005
  2.6139e-005
  2.4726e-005
  2.3381e-005
  2.2100e-005
  2.0882e-005
  1.9722e-005
  1.8617e-005
  1.7566e-005
  1.6565e-005
  1.5611e-005
  1.4703e-005
  1.3837e-005
  1.3012e-005
  1.2226e-005
  1.1476e-005
  1.0760e-005
  1.0076e-005
  9.4232e-006
  8.7988e-006
  8.2013e-006
  7.6290e-006
  7.0804e-006
  6.5539e-006
  6.0479e-006
  5.5610e-006
  5.0917e-006
  4.6387e-006
  4.2006e-006
  3.7760e-006
  3.3638e-006
  2.9625e-006
  2.5709e-006
  2.1879e-006
  1.8121e-006
  1.4424e-006
  1.0775e-006
  7.1633e-007
  3.5755e-007
,   5.4358e-003
  1.8106e-003
  7.6790e-003
  1.0226e-002
  1.2761e-002
  1.5283e-002
  1.7788e-002
  2.0274e-002
  2.2738e-002
  2.5177e-002
  2.7588e-002
  2.9970e-002
  3.2320e-002
  3.4634e-002
  3.6911e-002
  3.9148e-002
  4.1342e-002
  4.3492e-002
  4.5595e-002
  4.7648e-002
  4.9651e-002
  5.1599e-002
  5.3493e-002
  5.5328e-002
  5.7105e-002
  5.8820e-002
  6.0472e-002
  6.2059e-002
  6.3580e-002
  6.5033e-002
  6.6416e-002
  6.7729e-002
  6.8970e-002
  7.0138e-002
  7.1231e-002
  7.2248e-002
  7.3190e-002
  7.4054e-002
  7.4840e-002
  7.5547e-002
  7.6175e-002
  7.6724e-002
  7.7192e-002
  7.7579e-002
  7.7885e-002
  7.8111e-002
  7.8255e-002
  7.8319e-002
  7.8301e-002
  7.8203e-002
  7.8025e-002
  7.7766e-002
  7.7428e-002
  7.7010e-002
  7.6514e-002
  7.5941e-002
  7.5290e-002
  7.4564e-002
  7.3762e-002
  7.2886e-002
  7.1937e-002
  7.0917e-002
  6.9825e-002
  6.8665e-002
  6.7436e-002
  6.6140e-002
  6.4780e-002
  6.3356e-002
  6.1870e-002
  6.0324e-002
  5.8719e-002
  5.7058e-002
  5.5341e-002
  5.3572e-002
  5.1751e-002
  4.9880e-002
  4.7963e-002
  4.6000e-002
  4.3993e-002
  4.1945e-002
  3.9859e-002
  3.7735e-002
  3.5576e-002
  3.3384e-002
  3.1161e-002
  2.8910e-002
  2.6633e-002
  2.4331e-002
  2.2008e-002
  1.9665e-002
  1.7304e-002
  1.4928e-002
  1.2538e-002
  1.0138e-002
  7.7288e-003
  5.3128e-003
  2.8921e-003
  4.6900e-004
 -1.9545e-003
 -4.3764e-003
 -6.7945e-003
 -9.2070e-003
 -1.1612e-002
 -1.4007e-002
 -1.6390e-002
 -1.8760e-002
 -2.1115e-002
 -2.3452e-002
 -2.5771e-002
 -2.8068e-002
 -3.0344e-002
 -3.2595e-002
 -3.4821e-002
 -3.7020e-002
 -3.9190e-002
 -4.1329e-002
 -4.3438e-002
 -4.5513e-002
 -4.7554e-002
 -4.9559e-002
 -5.1528e-002
 -5.3458e-002
 -5.5350e-002
 -5.7202e-002
 -5.9012e-002
 -6.0781e-002
 -6.2507e-002
 -6.4189e-002
 -6.5826e-002
 -6.7419e-002
 -6.8965e-002
 -7.0465e-002
 -7.1918e-002
 -7.3323e-002
 -7.4680e-002
 -7.5989e-002
 -7.7249e-002
 -7.8459e-002
 -7.9621e-002
 -8.0733e-002
 -8.1795e-002
 -8.2807e-002
 -8.3770e-002
 -8.4683e-002
 -8.5546e-002
 -8.6359e-002
 -8.7123e-002
 -8.7837e-002
 -8.8503e-002
 -8.9119e-002
 -8.9687e-002
 -9.0206e-002
 -9.0678e-002
 -9.1102e-002
 -9.1479e-002
 -9.1810e-002
 -9.2095e-002
 -9.2335e-002
 -9.2529e-002
 -9.2680e-002
 -9.2787e-002
 -9.2851e-002
 -9.2872e-002
 -9.2853e-002
 -9.2792e-002
 -9.2692e-002
 -9.2553e-002
 -9.2375e-002
 -9.2160e-002
 -9.1908e-002
 -9.1620e-002
 -9.1297e-002
 -9.0940e-002
 -9.0550e-002
 -9.0128e-002
 -8.9674e-002
 -8.9190e-002
 -8.8676e-002
 -8.8134e-002
 -8.7564e-002
 -8.6968e-002
 -8.6345e-002
 -8.5698e-002
 -8.5027e-002
 -8.4333e-002
 -8.3618e-002
 -8.2881e-002
 -8.2124e-002
 -8.1348e-002
 -8.0553e-002
 -7.9741e-002
 -7.8913e-002
 -7.8070e-002
 -7.7211e-002
 -7.6340e-002
 -7.5455e-002
 -7.4558e-002
 -7.3650e-002
 -7.2732e-002
 -7.1804e-002
 -7.0868e-002
 -6.9924e-002
 -6.8973e-002
 -6.8015e-002
 -6.7052e-002
 -6.6085e-002
 -6.5113e-002
 -6.4138e-002
 -6.3160e-002
 -6.2180e-002
 -6.1199e-002
 -6.0218e-002
 -5.9236e-002
 -5.8255e-002
 -5.7275e-002
 -5.6297e-002
 -5.5322e-002
 -5.4349e-002
 -5.3379e-002
 -5.2414e-002
 -5.1453e-002
 -5.0497e-002
 -4.9546e-002
 -4.8600e-002
 -4.7661e-002
 -4.6729e-002
 -4.5803e-002
 -4.4885e-002
 -4.3975e-002
 -4.3072e-002
 -4.2178e-002
 -4.1292e-002
 -4.0416e-002
 -3.9548e-002
 -3.8690e-002
 -3.7842e-002
 -3.7003e-002
 -3.6175e-002
 -3.5357e-002
 -3.4549e-002
 -3.3752e-002
 -3.2966e-002
 -3.2190e-002
 -3.1426e-002
 -3.0673e-002
 -2.9931e-002
 -2.9200e-002
 -2.8481e-002
 -2.7773e-002
 -2.7077e-002
 -2.6392e-002
 -2.5719e-002
 -2.5057e-002
 -2.4407e-002
 -2.3769e-002
 -2.3142e-002
 -2.2527e-002
 -2.1923e-002
 -2.1331e-002
 -2.0751e-002
 -2.0182e-002
 -1.9624e-002
 -1.9077e-002
 -1.8542e-002
 -1.8018e-002
 -1.7505e-002
 -1.7003e-002
 -1.6511e-002
 -1.6031e-002
 -1.5561e-002
 -1.5102e-002
 -1.4653e-002
 -1.4215e-002
 -1.3787e-002
 -1.3369e-002
 -1.2961e-002
 -1.2563e-002
 -1.2174e-002
 -1.1795e-002
 -1.1426e-002
 -1.1066e-002
 -1.0714e-002
 -1.0372e-002
 -1.0039e-002
 -9.7147e-003
 -9.3988e-003
 -9.0913e-003
 -8.7921e-003
 -8.5010e-003
 -8.2179e-003
 -7.9426e-003
 -7.6750e-003
 -7.4149e-003
 -7.1622e-003
 -6.9167e-003
 -6.6782e-003
 -6.4467e-003
 -6.2220e-003
 -6.0039e-003
 -5.7923e-003
 -5.5871e-003
 -5.3881e-003
 -5.1951e-003
 -5.0080e-003
 -4.8267e-003
 -4.6511e-003
 -4.4810e-003
 -4.3162e-003
 -4.1567e-003
 -4.0023e-003
 -3.8529e-003
 -3.7083e-003
 -3.5684e-003
 -3.4332e-003
 -3.3024e-003
 -3.1760e-003
 -3.0538e-003
 -2.9358e-003
 -2.8217e-003
 -2.7116e-003
 -2.6052e-003
 -2.5026e-003
 -2.4035e-003
 -2.3078e-003
 -2.2156e-003
 -2.1266e-003
 -2.0408e-003
 -1.9580e-003
 -1.8783e-003
 -1.8014e-003
 -1.7274e-003
 -1.6560e-003
 -1.5873e-003
 -1.5211e-003
 -1.4574e-003
 -1.3961e-003
 -1.3371e-003
 -1.2803e-003
 -1.2257e-003
 -1.1732e-003
 -1.1226e-003
 -1.0741e-003
 -1.0274e-003
 -9.8249e-004
 -9.3937e-004
 -8.9794e-004
 -8.5815e-004
 -8.1993e-004
 -7.8323e-004
 -7.4799e-004
 -7.1417e-004
 -6.8170e-004
 -6.5054e-004
 -6.2065e-004
 -5.9197e-004
 -5.6445e-004
 -5.3806e-004
 -5.1275e-004
 -4.8847e-004
 -4.6520e-004
 -4.4288e-004
 -4.2148e-004
 -4.0096e-004
 -3.8129e-004
 -3.6244e-004
 -3.4436e-004
 -3.2703e-004
 -3.1041e-004
 -2.9447e-004
 -2.7919e-004
 -2.6453e-004
 -2.5047e-004
 -2.3698e-004
 -2.2403e-004
 -2.1160e-004
 -1.9966e-004
 -1.8819e-004
 -1.7717e-004
 -1.6656e-004
 -1.5636e-004
 -1.4654e-004
 -1.3707e-004
 -1.2794e-004
 -1.1912e-004
 -1.1061e-004
 -1.0237e-004
 -9.4390e-005
 -8.6651e-005
 -7.9134e-005
 -7.1823e-005
 -6.4699e-005
 -5.7745e-005
 -5.0943e-005
 -4.4277e-005
 -3.7730e-005
 -3.1285e-005
 -2.4925e-005
 -1.8634e-005
 -1.2394e-005
 -6.1883e-006
,   6.0799e-003
  2.0243e-003
  8.5835e-003
  1.1422e-002
  1.4241e-002
  1.7035e-002
  1.9800e-002
  2.2532e-002
  2.5225e-002
  2.7875e-002
  3.0477e-002
  3.3027e-002
  3.5521e-002
  3.7954e-002
  4.0322e-002
  4.2622e-002
  4.4849e-002
  4.6999e-002
  4.9070e-002
  5.1057e-002
  5.2957e-002
  5.4767e-002
  5.6484e-002
  5.8105e-002
  5.9627e-002
  6.1048e-002
  6.2366e-002
  6.3578e-002
  6.4682e-002
  6.5677e-002
  6.6561e-002
  6.7333e-002
  6.7991e-002
  6.8534e-002
  6.8962e-002
  6.9274e-002
  6.9470e-002
  6.9549e-002
  6.9511e-002
  6.9357e-002
  6.9087e-002
  6.8701e-002
  6.8201e-002
  6.7587e-002
  6.6861e-002
  6.6023e-002
  6.5075e-002
  6.4020e-002
  6.2859e-002
  6.1593e-002
  6.0226e-002
  5.8759e-002
  5.7196e-002
  5.5539e-002
  5.3790e-002
  5.1954e-002
  5.0032e-002
  4.8029e-002
  4.5947e-002
  4.3790e-002
  4.1562e-002
  3.9267e-002
  3.6908e-002
  3.4490e-002
  3.2016e-002
  2.9490e-002
  2.6917e-002
  2.4301e-002
  2.1645e-002
  1.8956e-002
  1.6236e-002
  1.3490e-002
  1.0723e-002
  7.9384e-003
  5.1417e-003
  2.3368e-003
 -4.7172e-004
 -3.2795e-003
 -6.0822e-003
 -8.8753e-003
 -1.1655e-002
 -1.4416e-002
 -1.7155e-002
 -1.9867e-002
 -2.2549e-002
 -2.5196e-002
 -2.7804e-002
 -3.0370e-002
 -3.2889e-002
 -3.5359e-002
 -3.7775e-002
 -4.0133e-002
 -4.2432e-002
 -4.4666e-002
 -4.6833e-002
 -4.8931e-002
 -5.0955e-002
 -5.2904e-002
 -5.4774e-002
 -5.6564e-002
 -5.8270e-002
 -5.9891e-002
 -6.1424e-002
 -6.2868e-002
 -6.4221e-002
 -6.5481e-002
 -6.6646e-002
 -6.7716e-002
 -6.8689e-002
 -6.9564e-002
 -7.0340e-002
 -7.1016e-002
 -7.1593e-002
 -7.2069e-002
 -7.2444e-002
 -7.2718e-002
 -7.2891e-002
 -7.2964e-002
 -7.2936e-002
 -7.2808e-002
 -7.2581e-002
 -7.2255e-002
 -7.1832e-002
 -7.1311e-002
 -7.0695e-002
 -6.9985e-002
 -6.9182e-002
 -6.8287e-002
 -6.7302e-002
 -6.6229e-002
 -6.5070e-002
 -6.3826e-002
 -6.2499e-002
 -6.1093e-002
 -5.9608e-002
 -5.8048e-002
 -5.6414e-002
 -5.4709e-002
 -5.2935e-002
 -5.1096e-002
 -4.9193e-002
 -4.7230e-002
 -4.5209e-002
 -4.3133e-002
 -4.1004e-002
 -3.8826e-002
 -3.6602e-002
 -3.4334e-002
 -3.2026e-002
 -2.9679e-002
 -2.7299e-002
 -2.4886e-002
 -2.2445e-002
 -1.9978e-002
 -1.7488e-002
 -1.4979e-002
 -1.2452e-002
 -9.9119e-003
 -7.3607e-003
 -4.8014e-003
 -2.2368e-003
  3.3025e-004
  2.8969e-003
  5.4605e-003
  8.0182e-003
  1.0568e-002
  1.3106e-002
  1.5630e-002
  1.8139e-002
  2.0629e-002
  2.3098e-002
  2.5544e-002
  2.7965e-002
  3.0358e-002
  3.2721e-002
  3.5052e-002
  3.7349e-002
  3.9611e-002
  4.1836e-002
  4.4021e-002
  4.6166e-002
  4.8268e-002
  5.0326e-002
  5.2338e-002
  5.4304e-002
  5.6222e-002
  5.8091e-002
  5.9909e-002
  6.1676e-002
  6.3391e-002
  6.5053e-002
  6.6661e-002
  6.8214e-002
  6.9712e-002
  7.1154e-002
  7.2539e-002
  7.3868e-002
  7.5140e-002
  7.6355e-002
  7.7512e-002
  7.8611e-002
  7.9653e-002
  8.0637e-002
  8.1563e-002
  8.2432e-002
  8.3244e-002
  8.3998e-002
  8.4696e-002
  8.5338e-002
  8.5924e-002
  8.6455e-002
  8.6931e-002
  8.7353e-002
  8.7721e-002
  8.8036e-002
  8.8299e-002
  8.8511e-002
  8.8672e-002
  8.8783e-002
  8.8846e-002
  8.8860e-002
  8.8828e-002
  8.8750e-002
  8.8626e-002
  8.8459e-002
  8.8248e-002
  8.7996e-002
  8.7703e-002
  8.7371e-002
  8.6999e-002
  8.6591e-002
  8.6146e-002
  8.5666e-002
  8.5152e-002
  8.4605e-002
  8.4026e-002
  8.3418e-002
  8.2780e-002
  8.2113e-002
  8.1420e-002
  8.0702e-002
  7.9958e-002
  7.9192e-002
  7.8403e-002
  7.7593e-002
  7.6763e-002
  7.5914e-002
  7.5047e-002
  7.4164e-002
  7.3266e-002
  7.2353e-002
  7.1427e-002
  7.0488e-002
  6.9538e-002
  6.8578e-002
  6.7609e-002
  6.6631e-002
  6.5646e-002
  6.4654e-002
  6.3657e-002
  6.2656e-002
  6.1650e-002
  6.0642e-002
  5.9631e-002
  5.8620e-002
  5.7607e-002
  5.6595e-002
  5.5584e-002
  5.4575e-002
  5.3568e-002
  5.2564e-002
  5.1563e-002
  5.0567e-002
  4.9576e-002
  4.8590e-002
  4.7610e-002
  4.6637e-002
  4.5670e-002
  4.4711e-002
  4.3760e-002
  4.2817e-002
  4.1883e-002
  4.0958e-002
  4.0042e-002
  3.9137e-002
  3.8241e-002
  3.7356e-002
  3.6481e-002
  3.5618e-002
  3.4765e-002
  3.3924e-002
  3.3095e-002
  3.2278e-002
  3.1472e-002
  3.0679e-002
  2.9898e-002
  2.9129e-002
  2.8373e-002
  2.7629e-002
  2.6898e-002
  2.6180e-002
  2.5474e-002
  2.4781e-002
  2.4101e-002
  2.3434e-002
  2.2780e-002
  2.2138e-002
  2.1509e-002
  2.0893e-002
  2.0289e-002
  1.9698e-002
  1.9120e-002
  1.8554e-002
  1.8000e-002
  1.7459e-002
  1.6930e-002
  1.6413e-002
  1.5907e-002
  1.5414e-002
  1.4932e-002
  1.4462e-002
  1.4003e-002
  1.3556e-002
  1.3120e-002
  1.2694e-002
  1.2280e-002
  1.1876e-002
  1.1482e-002
  1.1099e-002
  1.0727e-002
  1.0364e-002
  1.0011e-002
  9.6673e-003
  9.3334e-003
  9.0088e-003
  8.6933e-003
  8.3868e-003
  8.0890e-003
  7.7999e-003
  7.5191e-003
  7.2466e-003
  6.9822e-003
  6.7256e-003
  6.4767e-003
  6.2354e-003
  6.0014e-003
  5.7746e-003
  5.5548e-003
  5.3418e-003
  5.1354e-003
  4.9356e-003
  4.7420e-003
  4.5547e-003
  4.3733e-003
  4.1977e-003
  4.0278e-003
  3.8634e-003
  3.7044e-003
  3.5505e-003
  3.4017e-003
  3.2577e-003
  3.1185e-003
  2.9839e-003
  2.8537e-003
  2.7278e-003
  2.6061e-003
  2.4884e-003
  2.3746e-003
  2.2645e-003
  2.1581e-003
  2.0551e-003
  1.9555e-003
  1.8591e-003
  1.7658e-003
  1.6755e-003
  1.5880e-003
  1.5033e-003
  1.4212e-003
  1.3416e-003
  1.2643e-003
  1.1894e-003
  1.1166e-003
  1.0459e-003
  9.7706e-004
  9.1008e-004
  8.4482e-004
  7.8117e-004
  7.1903e-004
  6.5828e-004
  5.9884e-004
  5.4057e-004
  4.8340e-004
  4.2719e-004
  3.7187e-004
  3.1730e-004
  2.6340e-004
  2.1005e-004
  1.5714e-004
  1.0457e-004
  5.2230e-005
, 