  5.1897e-003
  1.7293e-003
  7.3352e-003
  9.7737e-003
  1.2207e-002
  1.4633e-002
  1.7050e-002
  1.9458e-002
  2.1855e-002
  2.4239e-002
  2.6610e-002
  2.8965e-002
  3.1304e-002
  3.3625e-002
  3.5927e-002
  3.8209e-002
  4.0469e-002
  4.2706e-002
  4.4920e-002
  4.7108e-002
  4.9270e-002
  5.1404e-002
  5.3510e-002
  5.5586e-002
  5.7631e-002
  5.9645e-002
  6.1626e-002
  6.3573e-002
  6.5485e-002
  6.7362e-002
  6.9203e-002
  7.1006e-002
  7.2771e-002
  7.4497e-002
  7.6183e-002
  7.7829e-002
  7.9434e-002
  8.0997e-002
  8.2519e-002
  8.3997e-002
  8.5432e-002
  8.6823e-002
  8.8170e-002
  8.9472e-002
  9.0729e-002
  9.1940e-002
  9.3106e-002
  9.4226e-002
  9.5300e-002
  9.6327e-002
  9.7308e-002
  9.8242e-002
  9.9129e-002
  9.9969e-002
  1.0076e-001
  1.0151e-001
  1.0221e-001
  1.0286e-001
  1.0347e-001
  1.0403e-001
  1.0455e-001
  1.0502e-001
  1.0544e-001
  1.0582e-001
  1.0615e-001
  1.0644e-001
  1.0668e-001
  1.0688e-001
  1.0704e-001
  1.0715e-001
  1.0722e-001
  1.0725e-001
  1.0724e-001
  1.0719e-001
  1.0710e-001
  1.0697e-001
  1.0680e-001
  1.0659e-001
  1.0634e-001
  1.0606e-001
  1.0574e-001
  1.0538e-001
  1.0499e-001
  1.0457e-001
  1.0412e-001
  1.0363e-001
  1.0311e-001
  1.0256e-001
  1.0198e-001
  1.0137e-001
  1.0073e-001
  1.0006e-001
  9.9371e-002
  9.8654e-002
  9.7912e-002
  9.7147e-002
  9.6358e-002
  9.5547e-002
  9.4715e-002
  9.3862e-002
  9.2990e-002
  9.2099e-002
  9.1191e-002
  9.0265e-002
  8.9324e-002
  8.8367e-002
  8.7396e-002
  8.6412e-002
  8.5414e-002
  8.4405e-002
  8.3385e-002
  8.2355e-002
  8.1315e-002
  8.0267e-002
  7.9211e-002
  7.8147e-002
  7.7078e-002
  7.6003e-002
  7.4923e-002
  7.3839e-002
  7.2752e-002
  7.1662e-002
  7.0570e-002
  6.9476e-002
  6.8382e-002
  6.7288e-002
  6.6195e-002
  6.5103e-002
  6.4012e-002
  6.2924e-002
  6.1839e-002
  6.0757e-002
  5.9679e-002
  5.8606e-002
  5.7538e-002
  5.6475e-002
  5.5419e-002
  5.4368e-002
  5.3325e-002
  5.2289e-002
  5.1260e-002
  5.0240e-002
  4.9227e-002
  4.8224e-002
  4.7230e-002
  4.6245e-002
  4.5270e-002
  4.4304e-002
  4.3349e-002
  4.2405e-002
  4.1471e-002
  4.0548e-002
  3.9637e-002
  3.8737e-002
  3.7848e-002
  3.6971e-002
  3.6106e-002
  3.5253e-002
  3.4412e-002
  3.3583e-002
  3.2767e-002
  3.1963e-002
  3.1172e-002
  3.0393e-002
  2.9627e-002
  2.8874e-002
  2.8133e-002
  2.7405e-002
  2.6690e-002
  2.5988e-002
  2.5298e-002
  2.4621e-002
  2.3957e-002
  2.3305e-002
  2.2666e-002
  2.2040e-002
  2.1426e-002
  2.0824e-002
  2.0235e-002
  1.9658e-002
  1.9094e-002
  1.8541e-002
  1.8000e-002
  1.7471e-002
  1.6954e-002
  1.6449e-002
  1.5955e-002
  1.5473e-002
  1.5002e-002
  1.4542e-002
  1.4093e-002
  1.3654e-002
  1.3227e-002
  1.2810e-002
  1.2404e-002
  1.2007e-002
  1.1621e-002
  1.1245e-002
  1.0879e-002
  1.0522e-002
  1.0175e-002
  9.8371e-003
  9.5083e-003
  9.1886e-003
  8.8777e-003
  8.5754e-003
  8.2817e-003
  7.9963e-003
  7.7190e-003
  7.4498e-003
  7.1884e-003
  6.9347e-003
  6.6885e-003
  6.4497e-003
  6.2180e-003
  5.9934e-003
  5.7757e-003
  5.5646e-003
  5.3602e-003
  5.1622e-003
  4.9704e-003
  4.7847e-003
  4.6050e-003
  4.4310e-003
  4.2628e-003
  4.1000e-003
  3.9427e-003
  3.7906e-003
  3.6435e-003
  3.5015e-003
  3.3642e-003
  3.2317e-003
  3.1037e-003
  2.9802e-003
  2.8609e-003
  2.7459e-003
  2.6349e-003
  2.5279e-003
  2.4248e-003
  2.3253e-003
  2.2295e-003
  2.1371e-003
  2.0482e-003
  1.9625e-003
  1.8800e-003
  1.8007e-003
  1.7243e-003
  1.6508e-003
  1.5801e-003
  1.5121e-003
  1.4467e-003
  1.3839e-003
  1.3236e-003
  1.2656e-003
  1.2098e-003
  1.1563e-003
  1.1050e-003
  1.0557e-003
  1.0084e-003
  9.6298e-004
  9.1945e-004
  8.7769e-004
  8.3766e-004
  7.9929e-004
  7.6252e-004
  7.2729e-004
  6.9355e-004
  6.6123e-004
  6.3029e-004
  6.0067e-004
  5.7233e-004
  5.4521e-004
  5.1927e-004
  4.9446e-004
  4.7074e-004
  4.4806e-004
  4.2639e-004
  4.0568e-004
  3.8590e-004
  3.6701e-004
  3.4897e-004
  3.3175e-004
  3.1531e-004
  2.9962e-004
  2.8466e-004
  2.7039e-004
  2.5678e-004
  2.4381e-004
  2.3144e-004
  2.1965e-004
  2.0843e-004
  1.9773e-004
  1.8754e-004
  1.7785e-004
  1.6861e-004
  1.5983e-004
  1.5147e-004
  1.4352e-004
  1.3595e-004
  1.2876e-004
  1.2192e-004
  1.1542e-004
  1.0924e-004
  1.0338e-004
  9.7802e-005
  9.2508e-005
  8.7482e-005
  8.2710e-005
  7.8180e-005
  7.3882e-005
  6.9804e-005
  6.5936e-005
  6.2267e-005
  5.8788e-005
  5.5490e-005
  5.2363e-005
  4.9400e-005
  4.6593e-005
  4.3932e-005
  4.1412e-005
  3.9025e-005
  3.6765e-005
  3.4624e-005
  3.2597e-005
  3.0678e-005
  2.8861e-005
  2.7141e-005
  2.5513e-005
  2.3972e-005
  2.2513e-005
  2.1131e-005
  1.9824e-005
  1.8585e-005
  1.7413e-005
  1.6302e-005
  1.5249e-005
  1.4252e-005
  1.3306e-005
  1.2409e-005
  1.1558e-005
  1.0749e-005
  9.9802e-006
  9.2490e-006
  8.5528e-006
  7.8891e-006
  7.2557e-006
  6.6502e-006
  6.0706e-006
  5.5146e-006
  4.9804e-006
  4.4659e-006
  3.9692e-006
  3.4884e-006
  3.0217e-006
  2.5673e-006
  2.1234e-006
  1.6882e-006
  1.2600e-006
  8.3707e-007
  4.1765e-007
,  -6.3637e-003
 -2.1193e-003
 -8.9875e-003
 -1.1965e-002
 -1.4926e-002
 -1.7867e-002
 -2.0784e-002
 -2.3673e-002
 -2.6531e-002
 -2.9353e-002
 -3.2135e-002
 -3.4875e-002
 -3.7568e-002
 -4.0211e-002
 -4.2800e-002
 -4.5333e-002
 -4.7804e-002
 -5.0212e-002
 -5.2554e-002
 -5.4825e-002
 -5.7024e-002
 -5.9147e-002
 -6.1191e-002
 -6.3155e-002
 -6.5035e-002
 -6.6830e-002
 -6.8536e-002
 -7.0152e-002
 -7.1676e-002
 -7.3106e-002
 -7.4440e-002
 -7.5677e-002
 -7.6815e-002
 -7.7853e-002
 -7.8789e-002
 -7.9624e-002
 -8.0355e-002
 -8.0982e-002
 -8.1505e-002
 -8.1923e-002
 -8.2235e-002
 -8.2443e-002
 -8.2544e-002
 -8.2541e-002
 -8.2432e-002
 -8.2219e-002
 -8.1902e-002
 -8.1481e-002
 -8.0958e-002
 -8.0333e-002
 -7.9608e-002
 -7.8783e-002
 -7.7860e-002
 -7.6841e-002
 -7.5726e-002
 -7.4519e-002
 -7.3219e-002
 -7.1830e-002
 -7.0354e-002
 -6.8792e-002
 -6.7146e-002
 -6.5419e-002
 -6.3614e-002
 -6.1732e-002
 -5.9777e-002
 -5.7751e-002
 -5.5656e-002
 -5.3496e-002
 -5.1273e-002
 -4.8990e-002
 -4.6650e-002
 -4.4256e-002
 -4.1811e-002
 -3.9317e-002
 -3.6779e-002
 -3.4199e-002
 -3.1581e-002
 -2.8926e-002
 -2.6240e-002
 -2.3524e-002
 -2.0782e-002
 -1.8017e-002
 -1.5232e-002
 -1.2431e-002
 -9.6162e-003
 -6.7911e-003
 -3.9586e-003
 -1.1220e-003
  1.7159e-003
  4.5519e-003
  7.3832e-003
  1.0207e-002
  1.3020e-002
  1.5820e-002
  1.8603e-002
  2.1368e-002
  2.4111e-002
  2.6830e-002
  2.9523e-002
  3.2186e-002
  3.4819e-002
  3.7417e-002
  3.9979e-002
  4.2504e-002
  4.4988e-002
  4.7429e-002
  4.9827e-002
  5.2179e-002
  5.4483e-002
  5.6737e-002
  5.8940e-002
  6.1091e-002
  6.3188e-002
  6.5230e-002
  6.7215e-002
  6.9143e-002
  7.1012e-002
  7.2821e-002
  7.4570e-002
  7.6257e-002
  7.7882e-002
  7.9445e-002
  8.0944e-002
  8.2379e-002
  8.3751e-002
  8.5058e-002
  8.6300e-002
  8.7477e-002
  8.8590e-002
  8.9638e-002
  9.0621e-002
  9.1540e-002
  9.2394e-002
  9.3184e-002
  9.3911e-002
  9.4575e-002
  9.5175e-002
  9.5714e-002
  9.6191e-002
  9.6607e-002
  9.6963e-002
  9.7260e-002
  9.7498e-002
  9.7679e-002
  9.7803e-002
  9.7871e-002
  9.7885e-002
  9.7845e-002
  9.7752e-002
  9.7608e-002
  9.7414e-002
  9.7170e-002
  9.6879e-002
  9.6541e-002
  9.6158e-002
  9.5730e-002
  9.5260e-002
  9.4748e-002
  9.4196e-002
  9.3606e-002
  9.2977e-002
  9.2313e-002
  9.1614e-002
  9.0881e-002
  9.0117e-002
  8.9321e-002
  8.8497e-002
  8.7644e-002
  8.6765e-002
  8.5861e-002
  8.4933e-002
  8.3982e-002
  8.3010e-002
  8.2017e-002
  8.1007e-002
  7.9979e-002
  7.8934e-002
  7.7875e-002
  7.6802e-002
  7.5717e-002
  7.4621e-002
  7.3514e-002
  7.2398e-002
  7.1275e-002
  7.0145e-002
  6.9009e-002
  6.7868e-002
  6.6724e-002
  6.5577e-002
  6.4428e-002
  6.3279e-002
  6.2129e-002
  6.0981e-002
  5.9835e-002
  5.8691e-002
  5.7551e-002
  5.6415e-002
  5.5284e-002
  5.4158e-002
  5.3039e-002
  5.1927e-002
  5.0823e-002
  4.9727e-002
  4.8639e-002
  4.7562e-002
  4.6493e-002
  4.5436e-002
  4.4389e-002
  4.3353e-002
  4.2329e-002
  4.1317e-002
  4.0318e-002
  3.9331e-002
  3.8357e-002
  3.7396e-002
  3.6449e-002
  3.5516e-002
  3.4597e-002
  3.3692e-002
  3.2801e-002
  3.1925e-002
  3.1064e-002
  3.0218e-002
  2.9386e-002
  2.8569e-002
  2.7768e-002
  2.6981e-002
  2.6210e-002
  2.5453e-002
  2.4712e-002
  2.3986e-002
  2.3275e-002
  2.2579e-002
  2.1897e-002
  2.1231e-002
  2.0579e-002
  1.9942e-002
  1.9320e-002
  1.8712e-002
  1.8119e-002
  1.7540e-002
  1.6974e-002
  1.6423e-002
  1.5886e-002
  1.5362e-002
  1.4851e-002
  1.4354e-002
  1.3870e-002
  1.3398e-002
  1.2940e-002
  1.2494e-002
  1.2060e-002
  1.1638e-002
  1.1228e-002
  1.0830e-002
  1.0444e-002
  1.0068e-002
  9.7040e-003
  9.3505e-003
  9.0076e-003
  8.6752e-003
  8.3529e-003
  8.0406e-003
  7.7380e-003
  7.4450e-003
  7.1613e-003
  6.8867e-003
  6.6210e-003
  6.3639e-003
  6.1154e-003
  5.8751e-003
  5.6429e-003
  5.4185e-003
  5.2018e-003
  4.9926e-003
  4.7905e-003
  4.5956e-003
  4.4075e-003
  4.2260e-003
  4.0511e-003
  3.8825e-003
  3.7199e-003
  3.5634e-003
  3.4125e-003
  3.2673e-003
  3.1275e-003
  2.9930e-003
  2.8635e-003
  2.7390e-003
  2.6193e-003
  2.5042e-003
  2.3936e-003
  2.2873e-003
  2.1852e-003
  2.0871e-003
  1.9930e-003
  1.9026e-003
  1.8159e-003
  1.7328e-003
  1.6530e-003
  1.5765e-003
  1.5032e-003
  1.4329e-003
  1.3655e-003
  1.3010e-003
  1.2393e-003
  1.1801e-003
  1.1235e-003
  1.0693e-003
  1.0175e-003
  9.6786e-004
  9.2043e-004
  8.7508e-004
  8.3172e-004
  7.9028e-004
  7.5068e-004
  7.1284e-004
  6.7670e-004
  6.4217e-004
  6.0921e-004
  5.7773e-004
  5.4768e-004
  5.1900e-004
  4.9162e-004
  4.6549e-004
  4.4055e-004
  4.1676e-004
  3.9405e-004
  3.7239e-004
  3.5171e-004
  3.3198e-004
  3.1315e-004
  2.9518e-004
  2.7802e-004
  2.6164e-004
  2.4599e-004
  2.3104e-004
  2.1675e-004
  2.0308e-004
  1.9001e-004
  1.7749e-004
  1.6550e-004
  1.5400e-004
  1.4297e-004
  1.3237e-004
  1.2217e-004
  1.1236e-004
  1.0289e-004
  9.3747e-005
  8.4900e-005
  7.6324e-005
  6.7993e-005
  5.9882e-005
  5.1968e-005
  4.4225e-005
  3.6628e-005
  2.9155e-005
  2.1779e-005
  1.4478e-005
  7.2266e-006
,   7.1177e-003
  2.3692e-003
  1.0045e-002
  1.3360e-002
  1.6647e-002
  1.9899e-002
  2.3109e-002
  2.6270e-002
  2.9376e-002
  3.2420e-002
  3.5395e-002
  3.8296e-002
  4.1117e-002
  4.3850e-002
  4.6492e-002
  4.9036e-002
  5.1476e-002
  5.3809e-002
  5.6028e-002
  5.8130e-002
  6.0110e-002
  6.1964e-002
  6.3689e-002
  6.5280e-002
  6.6734e-002
  6.8049e-002
  6.9222e-002
  7.0251e-002
  7.1134e-002
  7.1868e-002
  7.2453e-002
  7.2887e-002
  7.3170e-002
  7.3302e-002
  7.3282e-002
  7.3110e-002
  7.2787e-002
  7.2315e-002
  7.1693e-002
  7.0924e-002
  7.0009e-002
  6.8951e-002
  6.7751e-002
  6.6413e-002
  6.4939e-002
  6.3333e-002
  6.1598e-002
  5.9738e-002
  5.7757e-002
  5.5658e-002
  5.3447e-002
  5.1129e-002
  4.8707e-002
  4.6188e-002
  4.3576e-002
  4.0876e-002
  3.8095e-002
  3.5238e-002
  3.2311e-002
  2.9320e-002
  2.6271e-002
  2.3170e-002
  2.0023e-002
  1.6836e-002
  1.3617e-002
  1.0371e-002
  7.1046e-003
  3.8245e-003
  5.3695e-004
 -2.7517e-003
 -6.0349e-003
 -9.3066e-003
 -1.2560e-002
 -1.5790e-002
 -1.8989e-002
 -2.2153e-002
 -2.5274e-002
 -2.8347e-002
 -3.1367e-002
 -3.4327e-002
 -3.7223e-002
 -4.0050e-002
 -4.2801e-002
 -4.5474e-002
 -4.8061e-002
 -5.0560e-002
 -5.2966e-002
 -5.5274e-002
 -5.7482e-002
 -5.9585e-002
 -6.1579e-002
 -6.3462e-002
 -6.5231e-002
 -6.6883e-002
 -6.8415e-002
 -6.9825e-002
 -7.1111e-002
 -7.2272e-002
 -7.3305e-002
 -7.4210e-002
 -7.4985e-002
 -7.5630e-002
 -7.6144e-002
 -7.6526e-002
 -7.6778e-002
 -7.6898e-002
 -7.6888e-002
 -7.6747e-002
 -7.6477e-002
 -7.6079e-002
 -7.5554e-002
 -7.4904e-002
 -7.4129e-002
 -7.3233e-002
 -7.2218e-002
 -7.1084e-002
 -6.9836e-002
 -6.8475e-002
 -6.7005e-002
 -6.5428e-002
 -6.3747e-002
 -6.1966e-002
 -6.0088e-002
 -5.8116e-002
 -5.6055e-002
 -5.3907e-002
 -5.1677e-002
 -4.9368e-002
 -4.6984e-002
 -4.4531e-002
 -4.2010e-002
 -3.9428e-002
 -3.6787e-002
 -3.4093e-002
 -3.1349e-002
 -2.8560e-002
 -2.5730e-002
 -2.2864e-002
 -1.9965e-002
 -1.7038e-002
 -1.4087e-002
 -1.1117e-002
 -8.1322e-003
 -5.1359e-003
 -2.1327e-003
  8.7336e-004
  3.8783e-003
  6.8781e-003
  9.8689e-003
  1.2847e-002
  1.5808e-002
  1.8750e-002
  2.1668e-002
  2.4558e-002
  2.7418e-002
  3.0245e-002
  3.3035e-002
  3.5785e-002
  3.8492e-002
  4.1154e-002
  4.3767e-002
  4.6330e-002
  4.8840e-002
  5.1295e-002
  5.3691e-002
  5.6029e-002
  5.8305e-002
  6.0517e-002
  6.2665e-002
  6.4746e-002
  6.6759e-002
  6.8704e-002
  7.0578e-002
  7.2381e-002
  7.4111e-002
  7.5769e-002
  7.7353e-002
  7.8863e-002
  8.0299e-002
  8.1659e-002
  8.2945e-002
  8.4156e-002
  8.5292e-002
  8.6352e-002
  8.7339e-002
  8.8250e-002
  8.9088e-002
  8.9853e-002
  9.0545e-002
  9.1165e-002
  9.1714e-002
  9.2192e-002
  9.2601e-002
  9.2942e-002
  9.3215e-002
  9.3422e-002
  9.3564e-002
  9.3642e-002
  9.3658e-002
  9.3613e-002
  9.3508e-002
  9.3345e-002
  9.3126e-002
  9.2851e-002
  9.2523e-002
  9.2142e-002
  9.1712e-002
  9.1232e-002
  9.0706e-002
  9.0134e-002
  8.9518e-002
  8.8861e-002
  8.8163e-002
  8.7426e-002
  8.6653e-002
  8.5844e-002
  8.5002e-002
  8.4127e-002
  8.3223e-002
  8.2291e-002
  8.1331e-002
  8.0346e-002
  7.9338e-002
  7.8308e-002
  7.7257e-002
  7.6188e-002
  7.5101e-002
  7.3999e-002
  7.2882e-002
  7.1753e-002
  7.0612e-002
  6.9461e-002
  6.8301e-002
  6.7134e-002
  6.5961e-002
  6.4784e-002
  6.3602e-002
  6.2418e-002
  6.1233e-002
  6.0048e-002
  5.8863e-002
  5.7681e-002
  5.6501e-002
  5.5326e-002
  5.4155e-002
  5.2990e-002
  5.1831e-002
  5.0680e-002
  4.9536e-002
  4.8402e-002
  4.7277e-002
  4.6162e-002
  4.5058e-002
  4.3966e-002
  4.2885e-002
  4.1817e-002
  4.0762e-002
  3.9720e-002
  3.8692e-002
  3.7678e-002
  3.6679e-002
  3.5694e-002
  3.4725e-002
  3.3771e-002
  3.2832e-002
  3.1910e-002
  3.1003e-002
  3.0113e-002
  2.9239e-002
  2.8382e-002
  2.7541e-002
  2.6717e-002
  2.5909e-002
  2.5118e-002
  2.4343e-002
  2.3585e-002
  2.2844e-002
  2.2120e-002
  2.1411e-002
  2.0720e-002
  2.0044e-002
  1.9385e-002
  1.8741e-002
  1.8114e-002
  1.7502e-002
  1.6906e-002
  1.6326e-002
  1.5760e-002
  1.5210e-002
  1.4674e-002
  1.4153e-002
  1.3647e-002
  1.3155e-002
  1.2676e-002
  1.2212e-002
  1.1761e-002
  1.1323e-002
  1.0898e-002
  1.0486e-002
  1.0087e-002
  9.6994e-003
  9.3242e-003
  8.9608e-003
  8.6088e-003
  8.2681e-003
  7.9384e-003
  7.6194e-003
  7.3109e-003
  7.0126e-003
  6.7242e-003
  6.4455e-003
  6.1763e-003
  5.9163e-003
  5.6652e-003
  5.4228e-003
  5.1889e-003
  4.9632e-003
  4.7454e-003
  4.5354e-003
  4.3329e-003
  4.1376e-003
  3.9494e-003
  3.7679e-003
  3.5931e-003
  3.4246e-003
  3.2623e-003
  3.1059e-003
  2.9552e-003
  2.8101e-003
  2.6702e-003
  2.5355e-003
  2.4058e-003
  2.2807e-003
  2.1602e-003
  2.0440e-003
  1.9320e-003
  1.8241e-003
  1.7199e-003
  1.6193e-003
  1.5223e-003
  1.4285e-003
  1.3378e-003
  1.2501e-003
  1.1653e-003
  1.0830e-003
  1.0033e-003
  9.2583e-004
  8.5057e-004
  7.7732e-004
  7.0594e-004
  6.3627e-004
  5.6816e-004
  5.0145e-004
  4.3599e-004
  3.7164e-004
  3.0823e-004
  2.4562e-004
  1.8365e-004
  1.2216e-004
  6.0999e-005
, 