  1.3217e-001
  4.2797e-002
  1.7899e-001
  2.2682e-001
  2.6548e-001
  2.9388e-001
  3.1155e-001
  3.1869e-001
  3.1608e-001
  3.0494e-001
  2.8685e-001
  2.6354e-001
  2.3679e-001
  2.0829e-001
  1.7950e-001
  1.5167e-001
  1.2570e-001
  1.0224e-001
  8.1637e-002
  6.4015e-002
  4.9309e-002
  3.7318e-002
  2.7756e-002
  2.0292e-002
  1.4584e-002
  1.0307e-002
  7.1624e-003
  4.8953e-003
  3.2910e-003
  2.1764e-003
  1.4160e-003
  9.0638e-004
  5.7085e-004
  3.5372e-004
  2.1556e-004
  1.2906e-004
  7.5671e-005
  4.2998e-005
  2.2865e-005
  9.8185e-006
,    0.1599
   0.0495
   0.2029
   0.2372
   0.2476
   0.2336
   0.1971
   0.1420
   0.0741
  -0.0002
  -0.0746
  -0.1431
  -0.2011
  -0.2456
  -0.2750
  -0.2894
  -0.2900
  -0.2789
  -0.2589
  -0.2328
  -0.2034
  -0.1729
  -0.1433
  -0.1160
  -0.0917
  -0.0709
  -0.0537
  -0.0398
  -0.0289
  -0.0206
  -0.0144
  -0.0098
  -0.0066
  -0.0044
  -0.0028
  -0.0018
  -0.0011
  -0.0007
  -0.0004
  -0.0002
,    0.1750
   0.0516
   0.2072
   0.2206
   0.1985
   0.1449
   0.0685
  -0.0184
  -0.1025
  -0.1716
  -0.2160
  -0.2306
  -0.2144
  -0.1708
  -0.1064
  -0.0298
   0.0500
   0.1248
   0.1881
   0.2356
   0.2655
   0.2781
   0.2753
   0.2602
   0.2362
   0.2071
   0.1757
   0.1448
   0.1160
   0.0905
   0.0689
   0.0512
   0.0371
   0.0263
   0.0182
   0.0123
   0.0081
   0.0051
   0.0029
   0.0013
, 