   0.0012
   0.0004
   0.0017
   0.0022
   0.0028
   0.0034
   0.0039
   0.0045
   0.0050
   0.0056
   0.0061
   0.0067
   0.0073
   0.0078
   0.0084
   0.0089
   0.0095
   0.0100
   0.0106
   0.0111
   0.0117
   0.0122
   0.0128
   0.0133
   0.0139
   0.0144
   0.0150
   0.0155
   0.0161
   0.0166
   0.0172
   0.0177
   0.0182
   0.0188
   0.0193
   0.0199
   0.0204
   0.0209
   0.0215
   0.0220
   0.0225
   0.0231
   0.0236
   0.0241
   0.0246
   0.0252
   0.0257
   0.0262
   0.0267
   0.0272
   0.0278
   0.0283
   0.0288
   0.0293
   0.0298
   0.0303
   0.0308
   0.0313
   0.0318
   0.0323
   0.0328
   0.0333
   0.0338
   0.0343
   0.0348
   0.0353
   0.0357
   0.0362
   0.0367
   0.0372
   0.0376
   0.0381
   0.0386
   0.0391
   0.0395
   0.0400
   0.0404
   0.0409
   0.0414
   0.0418
   0.0423
   0.0427
   0.0431
   0.0436
   0.0440
   0.0445
   0.0449
   0.0453
   0.0457
   0.0462
   0.0466
   0.0470
   0.0474
   0.0478
   0.0482
   0.0487
   0.0491
   0.0495
   0.0499
   0.0502
   0.0506
   0.0510
   0.0514
   0.0518
   0.0522
   0.0525
   0.0529
   0.0533
   0.0536
   0.0540
   0.0544
   0.0547
   0.0551
   0.0554
   0.0558
   0.0561
   0.0564
   0.0568
   0.0571
   0.0574
   0.0578
   0.0581
   0.0584
   0.0587
   0.0590
   0.0593
   0.0596
   0.0599
   0.0602
   0.0605
   0.0608
   0.0611
   0.0613
   0.0616
   0.0619
   0.0622
   0.0624
   0.0627
   0.0629
   0.0632
   0.0634
   0.0637
   0.0639
   0.0642
   0.0644
   0.0646
   0.0648
   0.0651
   0.0653
   0.0655
   0.0657
   0.0659
   0.0661
   0.0663
   0.0665
   0.0667
   0.0668
   0.0670
   0.0672
   0.0674
   0.0675
   0.0677
   0.0678
   0.0680
   0.0682
   0.0683
   0.0684
   0.0686
   0.0687
   0.0688
   0.0690
   0.0691
   0.0692
   0.0693
   0.0694
   0.0695
   0.0696
   0.0697
   0.0698
   0.0699
   0.0700
   0.0700
   0.0701
   0.0702
   0.0702
   0.0703
   0.0703
   0.0704
   0.0704
   0.0705
   0.0705
   0.0706
   0.0706
   0.0706
   0.0706
   0.0706
   0.0706
   0.0707
   0.0707
   0.0707
   0.0706
   0.0706
   0.0706
   0.0706
   0.0706
   0.0706
   0.0705
   0.0705
   0.0704
   0.0704
   0.0703
   0.0703
   0.0702
   0.0702
   0.0701
   0.0700
   0.0700
   0.0699
   0.0698
   0.0697
   0.0696
   0.0695
   0.0694
   0.0693
   0.0692
   0.0691
   0.0690
   0.0688
   0.0687
   0.0686
   0.0684
   0.0683
   0.0682
   0.0680
   0.0679
   0.0677
   0.0675
   0.0674
   0.0672
   0.0670
   0.0669
   0.0667
   0.0665
   0.0663
   0.0661
   0.0659
   0.0657
   0.0655
   0.0653
   0.0651
   0.0649
   0.0647
   0.0644
   0.0642
   0.0640
   0.0637
   0.0635
   0.0633
   0.0630
   0.0628
   0.0625
   0.0622
   0.0620
   0.0617
   0.0614
   0.0612
   0.0609
   0.0606
   0.0603
   0.0600
   0.0597
   0.0594
   0.0591
   0.0588
   0.0585
   0.0582
   0.0579
   0.0576
   0.0573
   0.0569
   0.0566
   0.0563
   0.0560
   0.0556
   0.0553
   0.0549
   0.0546
   0.0542
   0.0539
   0.0535
   0.0532
   0.0528
   0.0524
   0.0521
   0.0517
   0.0513
   0.0509
   0.0506
   0.0502
   0.0498
   0.0494
   0.0490
   0.0486
   0.0482
   0.0478
   0.0474
   0.0470
   0.0466
   0.0462
   0.0457
   0.0453
   0.0449
   0.0445
   0.0440
   0.0436
   0.0432
   0.0427
   0.0423
   0.0419
   0.0414
   0.0410
   0.0405
   0.0401
   0.0396
   0.0392
   0.0387
   0.0383
   0.0378
   0.0373
   0.0369
   0.0364
   0.0359
   0.0355
   0.0350
   0.0345
   0.0340
   0.0335
   0.0331
   0.0326
   0.0321
   0.0316
   0.0311
   0.0306
   0.0301
   0.0296
   0.0291
   0.0286
   0.0281
   0.0276
   0.0271
   0.0266
   0.0261
   0.0256
   0.0251
   0.0246
   0.0241
   0.0236
   0.0230
   0.0225
   0.0220
   0.0215
   0.0210
   0.0204
   0.0199
   0.0194
   0.0189
   0.0183
   0.0178
   0.0173
   0.0168
   0.0162
   0.0157
   0.0152
   0.0146
   0.0141
   0.0136
   0.0130
   0.0125
   0.0119
   0.0114
   0.0109
   0.0103
   0.0098
   0.0092
   0.0087
   0.0082
   0.0076
   0.0071
   0.0065
   0.0060
   0.0054
   0.0049
   0.0044
   0.0038
   0.0033
   0.0027
   0.0022
   0.0016
   0.0011
   0.0005
,   -0.0024
  -0.0008
  -0.0033
  -0.0044
  -0.0055
  -0.0066
  -0.0077
  -0.0088
  -0.0099
  -0.0110
  -0.0121
  -0.0132
  -0.0143
  -0.0154
  -0.0165
  -0.0176
  -0.0186
  -0.0197
  -0.0208
  -0.0218
  -0.0229
  -0.0239
  -0.0250
  -0.0260
  -0.0270
  -0.0280
  -0.0291
  -0.0301
  -0.0311
  -0.0321
  -0.0330
  -0.0340
  -0.0350
  -0.0359
  -0.0369
  -0.0378
  -0.0388
  -0.0397
  -0.0406
  -0.0415
  -0.0424
  -0.0433
  -0.0441
  -0.0450
  -0.0458
  -0.0467
  -0.0475
  -0.0483
  -0.0491
  -0.0499
  -0.0507
  -0.0515
  -0.0522
  -0.0529
  -0.0537
  -0.0544
  -0.0551
  -0.0558
  -0.0564
  -0.0571
  -0.0577
  -0.0584
  -0.0590
  -0.0596
  -0.0602
  -0.0607
  -0.0613
  -0.0618
  -0.0624
  -0.0629
  -0.0634
  -0.0638
  -0.0643
  -0.0648
  -0.0652
  -0.0656
  -0.0660
  -0.0664
  -0.0667
  -0.0671
  -0.0674
  -0.0677
  -0.0680
  -0.0683
  -0.0686
  -0.0688
  -0.0691
  -0.0693
  -0.0695
  -0.0697
  -0.0698
  -0.0700
  -0.0701
  -0.0702
  -0.0703
  -0.0704
  -0.0704
  -0.0705
  -0.0705
  -0.0705
  -0.0705
  -0.0705
  -0.0704
  -0.0704
  -0.0703
  -0.0702
  -0.0701
  -0.0699
  -0.0698
  -0.0696
  -0.0694
  -0.0692
  -0.0690
  -0.0688
  -0.0685
  -0.0683
  -0.0680
  -0.0677
  -0.0674
  -0.0670
  -0.0667
  -0.0663
  -0.0659
  -0.0655
  -0.0651
  -0.0647
  -0.0642
  -0.0637
  -0.0633
  -0.0628
  -0.0622
  -0.0617
  -0.0612
  -0.0606
  -0.0600
  -0.0595
  -0.0589
  -0.0582
  -0.0576
  -0.0570
  -0.0563
  -0.0556
  -0.0549
  -0.0542
  -0.0535
  -0.0528
  -0.0520
  -0.0513
  -0.0505
  -0.0497
  -0.0490
  -0.0482
  -0.0473
  -0.0465
  -0.0457
  -0.0448
  -0.0440
  -0.0431
  -0.0422
  -0.0413
  -0.0404
  -0.0395
  -0.0386
  -0.0376
  -0.0367
  -0.0358
  -0.0348
  -0.0338
  -0.0329
  -0.0319
  -0.0309
  -0.0299
  -0.0289
  -0.0279
  -0.0268
  -0.0258
  -0.0248
  -0.0237
  -0.0227
  -0.0216
  -0.0206
  -0.0195
  -0.0185
  -0.0174
  -0.0163
  -0.0152
  -0.0141
  -0.0131
  -0.0120
  -0.0109
  -0.0098
  -0.0087
  -0.0076
  -0.0065
  -0.0054
  -0.0043
  -0.0032
  -0.0021
  -0.0010
   0.0002
   0.0013
   0.0024
   0.0035
   0.0046
   0.0057
   0.0068
   0.0079
   0.0090
   0.0101
   0.0112
   0.0123
   0.0134
   0.0144
   0.0155
   0.0166
   0.0177
   0.0187
   0.0198
   0.0209
   0.0219
   0.0230
   0.0240
   0.0251
   0.0261
   0.0271
   0.0281
   0.0292
   0.0302
   0.0312
   0.0321
   0.0331
   0.0341
   0.0351
   0.0360
   0.0370
   0.0379
   0.0388
   0.0398
   0.0407
   0.0416
   0.0425
   0.0433
   0.0442
   0.0451
   0.0459
   0.0468
   0.0476
   0.0484
   0.0492
   0.0500
   0.0508
   0.0515
   0.0523
   0.0530
   0.0537
   0.0545
   0.0552
   0.0558
   0.0565
   0.0572
   0.0578
   0.0584
   0.0591
   0.0597
   0.0602
   0.0608
   0.0614
   0.0619
   0.0624
   0.0630
   0.0635
   0.0639
   0.0644
   0.0649
   0.0653
   0.0657
   0.0661
   0.0665
   0.0669
   0.0672
   0.0675
   0.0679
   0.0682
   0.0685
   0.0687
   0.0690
   0.0692
   0.0694
   0.0696
   0.0698
   0.0700
   0.0701
   0.0703
   0.0704
   0.0705
   0.0706
   0.0706
   0.0707
   0.0707
   0.0707
   0.0707
   0.0707
   0.0707
   0.0706
   0.0705
   0.0705
   0.0703
   0.0702
   0.0701
   0.0699
   0.0697
   0.0696
   0.0693
   0.0691
   0.0689
   0.0686
   0.0683
   0.0680
   0.0677
   0.0674
   0.0671
   0.0667
   0.0663
   0.0659
   0.0655
   0.0651
   0.0647
   0.0642
   0.0637
   0.0633
   0.0628
   0.0622
   0.0617
   0.0612
   0.0606
   0.0600
   0.0594
   0.0588
   0.0582
   0.0576
   0.0569
   0.0563
   0.0556
   0.0549
   0.0542
   0.0535
   0.0528
   0.0520
   0.0513
   0.0505
   0.0497
   0.0489
   0.0481
   0.0473
   0.0465
   0.0456
   0.0448
   0.0439
   0.0431
   0.0422
   0.0413
   0.0404
   0.0395
   0.0386
   0.0376
   0.0367
   0.0357
   0.0348
   0.0338
   0.0329
   0.0319
   0.0309
   0.0299
   0.0289
   0.0279
   0.0269
   0.0258
   0.0248
   0.0238
   0.0227
   0.0217
   0.0206
   0.0196
   0.0185
   0.0175
   0.0164
   0.0153
   0.0142
   0.0131
   0.0121
   0.0110
   0.0099
   0.0088
   0.0077
   0.0066
   0.0055
   0.0044
   0.0033
   0.0022
   0.0011
,   3.5235e-003
  1.1741e-003
  4.9802e-003
  6.6360e-003
  8.2881e-003
  9.9357e-003
  1.1578e-002
  1.3213e-002
  1.4842e-002
  1.6462e-002
  1.8072e-002
  1.9673e-002
  2.1263e-002
  2.2841e-002
  2.4407e-002
  2.5959e-002
  2.7497e-002
  2.9019e-002
  3.0525e-002
  3.2015e-002
  3.3486e-002
  3.4939e-002
  3.6373e-002
  3.7786e-002
  3.9179e-002
  4.0550e-002
  4.1898e-002
  4.3223e-002
  4.4524e-002
  4.5801e-002
  4.7052e-002
  4.8277e-002
  4.9475e-002
  5.0646e-002
  5.1789e-002
  5.2903e-002
  5.3987e-002
  5.5042e-002
  5.6066e-002
  5.7060e-002
  5.8021e-002
  5.8950e-002
  5.9847e-002
  6.0711e-002
  6.1541e-002
  6.2336e-002
  6.3098e-002
  6.3824e-002
  6.4515e-002
  6.5170e-002
  6.5789e-002
  6.6371e-002
  6.6917e-002
  6.7425e-002
  6.7897e-002
  6.8330e-002
  6.8726e-002
  6.9083e-002
  6.9403e-002
  6.9684e-002
  6.9926e-002
  7.0129e-002
  7.0294e-002
  7.0420e-002
  7.0506e-002
  7.0554e-002
  7.0562e-002
  7.0531e-002
  7.0462e-002
  7.0353e-002
  7.0205e-002
  7.0018e-002
  6.9793e-002
  6.9529e-002
  6.9226e-002
  6.8885e-002
  6.8505e-002
  6.8088e-002
  6.7633e-002
  6.7141e-002
  6.6611e-002
  6.6044e-002
  6.5441e-002
  6.4802e-002
  6.4126e-002
  6.3416e-002
  6.2669e-002
  6.1889e-002
  6.1074e-002
  6.0225e-002
  5.9342e-002
  5.8427e-002
  5.7480e-002
  5.6500e-002
  5.5490e-002
  5.4448e-002
  5.3377e-002
  5.2275e-002
  5.1145e-002
  4.9987e-002
  4.8801e-002
  4.7588e-002
  4.6348e-002
  4.5083e-002
  4.3792e-002
  4.2478e-002
  4.1140e-002
  3.9779e-002
  3.8396e-002
  3.6992e-002
  3.5568e-002
  3.4123e-002
  3.2660e-002
  3.1179e-002
  2.9680e-002
  2.8165e-002
  2.6635e-002
  2.5089e-002
  2.3530e-002
  2.1958e-002
  2.0373e-002
  1.8777e-002
  1.7171e-002
  1.5556e-002
  1.3931e-002
  1.2299e-002
  1.0661e-002
  9.0160e-003
  7.3663e-003
  5.7125e-003
  4.0556e-003
  2.3964e-003
  7.3590e-004
 -9.2501e-004
 -2.5854e-003
 -4.2444e-003
 -5.9010e-003
 -7.5543e-003
 -9.2035e-003
 -1.0848e-002
 -1.2486e-002
 -1.4117e-002
 -1.5740e-002
 -1.7355e-002
 -1.8960e-002
 -2.0554e-002
 -2.2137e-002
 -2.3708e-002
 -2.5266e-002
 -2.6810e-002
 -2.8339e-002
 -2.9852e-002
 -3.1349e-002
 -3.2828e-002
 -3.4289e-002
 -3.5732e-002
 -3.7154e-002
 -3.8556e-002
 -3.9936e-002
 -4.1295e-002
 -4.2630e-002
 -4.3942e-002
 -4.5230e-002
 -4.6493e-002
 -4.7730e-002
 -4.8940e-002
 -5.0124e-002
 -5.1279e-002
 -5.2407e-002
 -5.3505e-002
 -5.4574e-002
 -5.5612e-002
 -5.6620e-002
 -5.7596e-002
 -5.8541e-002
 -5.9453e-002
 -6.0332e-002
 -6.1178e-002
 -6.1990e-002
 -6.2768e-002
 -6.3511e-002
 -6.4219e-002
 -6.4891e-002
 -6.5528e-002
 -6.6128e-002
 -6.6692e-002
 -6.7219e-002
 -6.7708e-002
 -6.8160e-002
 -6.8575e-002
 -6.8951e-002
 -6.9290e-002
 -6.9590e-002
 -6.9852e-002
 -7.0075e-002
 -7.0259e-002
 -7.0404e-002
 -7.0511e-002
 -7.0578e-002
 -7.0607e-002
 -7.0596e-002
 -7.0547e-002
 -7.0458e-002
 -7.0330e-002
 -7.0164e-002
 -6.9959e-002
 -6.9715e-002
 -6.9432e-002
 -6.9112e-002
 -6.8753e-002
 -6.8356e-002
 -6.7921e-002
 -6.7449e-002
 -6.6939e-002
 -6.6392e-002
 -6.5809e-002
 -6.5189e-002
 -6.4534e-002
 -6.3842e-002
 -6.3116e-002
 -6.2354e-002
 -6.1558e-002
 -6.0728e-002
 -5.9865e-002
 -5.8968e-002
 -5.8039e-002
 -5.7078e-002
 -5.6085e-002
 -5.5062e-002
 -5.4007e-002
 -5.2923e-002
 -5.1810e-002
 -5.0668e-002
 -4.9499e-002
 -4.8301e-002
 -4.7078e-002
 -4.5828e-002
 -4.4553e-002
 -4.3253e-002
 -4.1929e-002
 -4.0583e-002
 -3.9213e-002
 -3.7823e-002
 -3.6411e-002
 -3.4979e-002
 -3.3528e-002
 -3.2058e-002
 -3.0571e-002
 -2.9067e-002
 -2.7546e-002
 -2.6011e-002
 -2.4461e-002
 -2.2898e-002
 -2.1322e-002
 -1.9734e-002
 -1.8136e-002
 -1.6527e-002
 -1.4909e-002
 -1.3283e-002
 -1.1650e-002
 -1.0010e-002
 -8.3650e-003
 -6.7151e-003
 -5.0615e-003
 -3.4051e-003
 -1.7469e-003
 -8.7674e-005
  1.5716e-003
  3.2300e-003
  4.8866e-003
  6.5405e-003
  8.1908e-003
  9.8366e-003
  1.1477e-002
  1.3111e-002
  1.4738e-002
  1.6356e-002
  1.7966e-002
  1.9566e-002
  2.1155e-002
  2.2732e-002
  2.4297e-002
  2.5848e-002
  2.7385e-002
  2.8907e-002
  3.0414e-002
  3.1903e-002
  3.3375e-002
  3.4828e-002
  3.6262e-002
  3.7676e-002
  3.9070e-002
  4.0441e-002
  4.1791e-002
  4.3118e-002
  4.4420e-002
  4.5699e-002
  4.6952e-002
  4.8179e-002
  4.9380e-002
  5.0553e-002
  5.1699e-002
  5.2816e-002
  5.3904e-002
  5.4963e-002
  5.5991e-002
  5.6988e-002
  5.7954e-002
  5.8888e-002
  5.9789e-002
  6.0658e-002
  6.1493e-002
  6.2295e-002
  6.3062e-002
  6.3794e-002
  6.4491e-002
  6.5153e-002
  6.5779e-002
  6.6368e-002
  6.6921e-002
  6.7438e-002
  6.7917e-002
  6.8359e-002
  6.8763e-002
  6.9129e-002
  6.9457e-002
  6.9747e-002
  6.9999e-002
  7.0212e-002
  7.0387e-002
  7.0522e-002
  7.0619e-002
  7.0678e-002
  7.0697e-002
  7.0677e-002
  7.0619e-002
  7.0521e-002
  7.0385e-002
  7.0210e-002
  6.9997e-002
  6.9745e-002
  6.9454e-002
  6.9126e-002
  6.8759e-002
  6.8355e-002
  6.7913e-002
  6.7434e-002
  6.6918e-002
  6.6365e-002
  6.5775e-002
  6.5149e-002
  6.4488e-002
  6.3791e-002
  6.3059e-002
  6.2292e-002
  6.1491e-002
  6.0656e-002
  5.9788e-002
  5.8887e-002
  5.7954e-002
  5.6989e-002
  5.5993e-002
  5.4966e-002
  5.3908e-002
  5.2821e-002
  5.1705e-002
  5.0561e-002
  4.9389e-002
  4.8189e-002
  4.6964e-002
  4.5712e-002
  4.4436e-002
  4.3135e-002
  4.1810e-002
  4.0462e-002
  3.9092e-002
  3.7701e-002
  3.6289e-002
  3.4857e-002
  3.3406e-002
  3.1937e-002
  3.0450e-002
  2.8946e-002
  2.7427e-002
  2.5892e-002
  2.4343e-002
  2.2781e-002
  2.1207e-002
  1.9621e-002
  1.8024e-002
  1.6417e-002
  1.4801e-002
  1.3177e-002
  1.1545e-002
  9.9079e-003
  8.2649e-003
  6.6174e-003
  4.9662e-003
  3.3123e-003
  1.6566e-003
, 