   0.0072
   0.0024
   0.0101
   0.0135
   0.0168
   0.0202
   0.0235
   0.0268
   0.0301
   0.0334
   0.0366
   0.0398
   0.0430
   0.0462
   0.0493
   0.0524
   0.0555
   0.0585
   0.0615
   0.0644
   0.0673
   0.0702
   0.0730
   0.0757
   0.0784
   0.0811
   0.0837
   0.0862
   0.0887
   0.0911
   0.0934
   0.0957
   0.0979
   0.1001
   0.1021
   0.1042
   0.1061
   0.1080
   0.1097
   0.1115
   0.1131
   0.1147
   0.1161
   0.1176
   0.1189
   0.1201
   0.1213
   0.1224
   0.1233
   0.1243
   0.1251
   0.1258
   0.1265
   0.1270
   0.1275
   0.1279
   0.1282
   0.1284
   0.1286
   0.1286
   0.1286
   0.1285
   0.1282
   0.1279
   0.1276
   0.1271
   0.1265
   0.1259
   0.1252
   0.1243
   0.1235
   0.1225
   0.1214
   0.1203
   0.1191
   0.1178
   0.1164
   0.1149
   0.1134
   0.1118
   0.1101
   0.1083
   0.1065
   0.1046
   0.1026
   0.1006
   0.0985
   0.0963
   0.0941
   0.0918
   0.0895
   0.0871
   0.0846
   0.0821
   0.0795
   0.0769
   0.0742
   0.0715
   0.0687
   0.0659
   0.0630
   0.0601
   0.0572
   0.0542
   0.0512
   0.0482
   0.0451
   0.0420
   0.0389
   0.0357
   0.0326
   0.0294
   0.0261
   0.0229
   0.0197
   0.0164
   0.0131
   0.0099
   0.0066
   0.0033
,   -0.0142
  -0.0047
  -0.0200
  -0.0266
  -0.0331
  -0.0395
  -0.0458
  -0.0520
  -0.0580
  -0.0639
  -0.0696
  -0.0752
  -0.0805
  -0.0856
  -0.0904
  -0.0951
  -0.0994
  -0.1035
  -0.1073
  -0.1109
  -0.1141
  -0.1170
  -0.1196
  -0.1219
  -0.1238
  -0.1254
  -0.1266
  -0.1276
  -0.1281
  -0.1284
  -0.1282
  -0.1278
  -0.1269
  -0.1258
  -0.1243
  -0.1224
  -0.1202
  -0.1177
  -0.1149
  -0.1118
  -0.1084
  -0.1046
  -0.1006
  -0.0963
  -0.0918
  -0.0870
  -0.0820
  -0.0767
  -0.0713
  -0.0656
  -0.0598
  -0.0538
  -0.0476
  -0.0414
  -0.0350
  -0.0285
  -0.0220
  -0.0154
  -0.0087
  -0.0020
   0.0046
   0.0113
   0.0179
   0.0245
   0.0311
   0.0375
   0.0438
   0.0500
   0.0561
   0.0621
   0.0678
   0.0734
   0.0788
   0.0840
   0.0889
   0.0936
   0.0981
   0.1023
   0.1062
   0.1098
   0.1132
   0.1162
   0.1189
   0.1213
   0.1234
   0.1251
   0.1265
   0.1276
   0.1283
   0.1287
   0.1287
   0.1284
   0.1278
   0.1268
   0.1255
   0.1238
   0.1218
   0.1195
   0.1168
   0.1139
   0.1106
   0.1071
   0.1032
   0.0991
   0.0947
   0.0901
   0.0852
   0.0801
   0.0748
   0.0693
   0.0636
   0.0577
   0.0517
   0.0455
   0.0393
   0.0329
   0.0264
   0.0199
   0.0133
   0.0066
,    0.0212
   0.0070
   0.0298
   0.0394
   0.0489
   0.0580
   0.0667
   0.0751
   0.0830
   0.0904
   0.0972
   0.1035
   0.1091
   0.1140
   0.1183
   0.1218
   0.1246
   0.1267
   0.1280
   0.1285
   0.1282
   0.1271
   0.1253
   0.1226
   0.1193
   0.1152
   0.1104
   0.1050
   0.0989
   0.0922
   0.0850
   0.0772
   0.0690
   0.0603
   0.0513
   0.0420
   0.0324
   0.0226
   0.0127
   0.0027
  -0.0074
  -0.0173
  -0.0272
  -0.0369
  -0.0464
  -0.0556
  -0.0644
  -0.0729
  -0.0809
  -0.0884
  -0.0954
  -0.1019
  -0.1077
  -0.1128
  -0.1173
  -0.1210
  -0.1240
  -0.1263
  -0.1278
  -0.1285
  -0.1284
  -0.1276
  -0.1259
  -0.1236
  -0.1204
  -0.1166
  -0.1120
  -0.1067
  -0.1009
  -0.0943
  -0.0873
  -0.0797
  -0.0716
  -0.0630
  -0.0541
  -0.0449
  -0.0354
  -0.0257
  -0.0158
  -0.0058
   0.0042
   0.0142
   0.0241
   0.0338
   0.0434
   0.0527
   0.0616
   0.0702
   0.0784
   0.0861
   0.0933
   0.0999
   0.1059
   0.1112
   0.1159
   0.1199
   0.1232
   0.1257
   0.1275
   0.1285
   0.1287
   0.1281
   0.1268
   0.1247
   0.1218
   0.1183
   0.1140
   0.1090
   0.1033
   0.0971
   0.0902
   0.0828
   0.0749
   0.0666
   0.0578
   0.0487
   0.0393
   0.0297
   0.0199
   0.0100
, 