   0.0047
   0.0016
   0.0066
   0.0088
   0.0110
   0.0132
   0.0153
   0.0175
   0.0197
   0.0218
   0.0240
   0.0261
   0.0283
   0.0304
   0.0325
   0.0346
   0.0367
   0.0388
   0.0408
   0.0428
   0.0449
   0.0469
   0.0489
   0.0508
   0.0528
   0.0547
   0.0566
   0.0585
   0.0603
   0.0622
   0.0640
   0.0658
   0.0675
   0.0693
   0.0710
   0.0726
   0.0743
   0.0759
   0.0775
   0.0791
   0.0806
   0.0821
   0.0836
   0.0850
   0.0864
   0.0878
   0.0891
   0.0904
   0.0917
   0.0929
   0.0941
   0.0953
   0.0964
   0.0975
   0.0985
   0.0995
   0.1005
   0.1014
   0.1023
   0.1032
   0.1040
   0.1047
   0.1055
   0.1062
   0.1068
   0.1074
   0.1080
   0.1085
   0.1090
   0.1094
   0.1098
   0.1102
   0.1105
   0.1108
   0.1110
   0.1112
   0.1113
   0.1114
   0.1115
   0.1115
   0.1115
   0.1114
   0.1113
   0.1112
   0.1110
   0.1107
   0.1104
   0.1101
   0.1098
   0.1093
   0.1089
   0.1084
   0.1079
   0.1073
   0.1067
   0.1060
   0.1054
   0.1046
   0.1039
   0.1030
   0.1022
   0.1013
   0.1004
   0.0994
   0.0984
   0.0974
   0.0963
   0.0952
   0.0941
   0.0929
   0.0917
   0.0904
   0.0891
   0.0878
   0.0865
   0.0851
   0.0837
   0.0822
   0.0807
   0.0792
   0.0777
   0.0761
   0.0746
   0.0729
   0.0713
   0.0696
   0.0679
   0.0662
   0.0645
   0.0627
   0.0609
   0.0591
   0.0572
   0.0554
   0.0535
   0.0516
   0.0497
   0.0478
   0.0458
   0.0438
   0.0419
   0.0399
   0.0378
   0.0358
   0.0338
   0.0317
   0.0297
   0.0276
   0.0255
   0.0234
   0.0213
   0.0192
   0.0171
   0.0150
   0.0128
   0.0107
   0.0086
   0.0064
   0.0043
   0.0021
,   -0.0092
  -0.0031
  -0.0130
  -0.0174
  -0.0217
  -0.0259
  -0.0301
  -0.0343
  -0.0384
  -0.0425
  -0.0465
  -0.0504
  -0.0543
  -0.0580
  -0.0617
  -0.0653
  -0.0688
  -0.0721
  -0.0754
  -0.0785
  -0.0816
  -0.0845
  -0.0872
  -0.0899
  -0.0924
  -0.0947
  -0.0969
  -0.0990
  -0.1009
  -0.1027
  -0.1043
  -0.1057
  -0.1070
  -0.1081
  -0.1091
  -0.1098
  -0.1105
  -0.1109
  -0.1112
  -0.1113
  -0.1112
  -0.1110
  -0.1106
  -0.1100
  -0.1092
  -0.1083
  -0.1072
  -0.1060
  -0.1046
  -0.1030
  -0.1013
  -0.0994
  -0.0974
  -0.0952
  -0.0929
  -0.0904
  -0.0878
  -0.0851
  -0.0822
  -0.0792
  -0.0761
  -0.0728
  -0.0695
  -0.0660
  -0.0625
  -0.0588
  -0.0551
  -0.0513
  -0.0474
  -0.0434
  -0.0394
  -0.0353
  -0.0311
  -0.0269
  -0.0227
  -0.0184
  -0.0141
  -0.0097
  -0.0054
  -0.0011
   0.0033
   0.0076
   0.0120
   0.0163
   0.0206
   0.0249
   0.0291
   0.0333
   0.0374
   0.0415
   0.0455
   0.0494
   0.0533
   0.0570
   0.0607
   0.0643
   0.0679
   0.0713
   0.0745
   0.0777
   0.0808
   0.0837
   0.0865
   0.0892
   0.0918
   0.0942
   0.0964
   0.0986
   0.1005
   0.1023
   0.1040
   0.1055
   0.1068
   0.1080
   0.1090
   0.1099
   0.1106
   0.1111
   0.1114
   0.1116
   0.1116
   0.1115
   0.1111
   0.1106
   0.1100
   0.1091
   0.1082
   0.1070
   0.1057
   0.1042
   0.1026
   0.1008
   0.0988
   0.0967
   0.0945
   0.0921
   0.0896
   0.0870
   0.0842
   0.0813
   0.0782
   0.0751
   0.0718
   0.0684
   0.0650
   0.0614
   0.0577
   0.0540
   0.0501
   0.0462
   0.0422
   0.0382
   0.0341
   0.0300
   0.0258
   0.0215
   0.0173
   0.0130
   0.0087
   0.0043
,    0.0138
   0.0046
   0.0195
   0.0259
   0.0322
   0.0384
   0.0444
   0.0504
   0.0561
   0.0616
   0.0670
   0.0721
   0.0769
   0.0815
   0.0858
   0.0898
   0.0935
   0.0969
   0.1000
   0.1027
   0.1050
   0.1070
   0.1086
   0.1099
   0.1108
   0.1112
   0.1114
   0.1111
   0.1104
   0.1094
   0.1080
   0.1062
   0.1041
   0.1015
   0.0987
   0.0955
   0.0920
   0.0881
   0.0840
   0.0796
   0.0749
   0.0699
   0.0647
   0.0593
   0.0537
   0.0479
   0.0419
   0.0358
   0.0295
   0.0232
   0.0168
   0.0103
   0.0038
  -0.0028
  -0.0093
  -0.0158
  -0.0222
  -0.0286
  -0.0348
  -0.0410
  -0.0470
  -0.0528
  -0.0584
  -0.0639
  -0.0691
  -0.0741
  -0.0789
  -0.0834
  -0.0875
  -0.0914
  -0.0950
  -0.0982
  -0.1012
  -0.1037
  -0.1059
  -0.1078
  -0.1092
  -0.1103
  -0.1111
  -0.1114
  -0.1114
  -0.1109
  -0.1101
  -0.1090
  -0.1074
  -0.1055
  -0.1032
  -0.1006
  -0.0976
  -0.0942
  -0.0906
  -0.0867
  -0.0824
  -0.0779
  -0.0731
  -0.0680
  -0.0628
  -0.0573
  -0.0516
  -0.0457
  -0.0397
  -0.0335
  -0.0272
  -0.0209
  -0.0144
  -0.0079
  -0.0014
   0.0051
   0.0116
   0.0181
   0.0245
   0.0308
   0.0370
   0.0431
   0.0490
   0.0548
   0.0604
   0.0657
   0.0709
   0.0758
   0.0805
   0.0848
   0.0889
   0.0927
   0.0962
   0.0993
   0.1021
   0.1046
   0.1067
   0.1084
   0.1098
   0.1107
   0.1113
   0.1116
   0.1114
   0.1109
   0.1100
   0.1087
   0.1070
   0.1050
   0.1026
   0.0999
   0.0968
   0.0934
   0.0897
   0.0857
   0.0814
   0.0768
   0.0719
   0.0668
   0.0615
   0.0560
   0.0502
   0.0443
   0.0383
   0.0321
   0.0258
   0.0194
   0.0130
   0.0065
, 