   0.0804
   0.0264
   0.1112
   0.1445
   0.1747
   0.2013
   0.2237
   0.2417
   0.2552
   0.2641
   0.2684
   0.2686
   0.2648
   0.2576
   0.2473
   0.2346
   0.2200
   0.2040
   0.1872
   0.1699
   0.1527
   0.1358
   0.1196
   0.1044
   0.0902
   0.0772
   0.0654
   0.0550
   0.0457
   0.0377
   0.0308
   0.0248
   0.0198
   0.0156
   0.0121
   0.0092
   0.0068
   0.0047
   0.0030
   0.0014
,   -0.0994
  -0.0320
  -0.1332
  -0.1666
  -0.1913
  -0.2061
  -0.2104
  -0.2041
  -0.1877
  -0.1622
  -0.1290
  -0.0897
  -0.0464
  -0.0011
   0.0443
   0.0878
   0.1280
   0.1634
   0.1932
   0.2166
   0.2334
   0.2436
   0.2476
   0.2459
   0.2392
   0.2284
   0.2142
   0.1977
   0.1795
   0.1605
   0.1414
   0.1225
   0.1044
   0.0874
   0.0715
   0.0570
   0.0437
   0.0316
   0.0204
   0.0100
,    0.1191
   0.0374
   0.1539
   0.1841
   0.1986
   0.1963
   0.1774
   0.1437
   0.0981
   0.0445
  -0.0127
  -0.0689
  -0.1197
  -0.1613
  -0.1907
  -0.2061
  -0.2066
  -0.1926
  -0.1655
  -0.1275
  -0.0813
  -0.0302
   0.0227
   0.0743
   0.1220
   0.1635
   0.1972
   0.2221
   0.2379
   0.2446
   0.2429
   0.2338
   0.2183
   0.1977
   0.1733
   0.1463
   0.1177
   0.0883
   0.0587
   0.0293
, 