   2.6410e-03
   8.8019e-04
   3.7340e-03
   4.9774e-03
   6.2196e-03
   7.4603e-03
   8.6993e-03
   9.9362e-03
   1.1171e-02
   1.2403e-02
   1.3632e-02
   1.4858e-02
   1.6081e-02
   1.7300e-02
   1.8514e-02
   1.9725e-02
   2.0931e-02
   2.2132e-02
   2.3328e-02
   2.4519e-02
   2.5704e-02
   2.6883e-02
   2.8055e-02
   2.9222e-02
   3.0382e-02
   3.1534e-02
   3.2680e-02
   3.3818e-02
   3.4948e-02
   3.6070e-02
   3.7185e-02
   3.8290e-02
   3.9387e-02
   4.0475e-02
   4.1554e-02
   4.2624e-02
   4.3683e-02
   4.4734e-02
   4.5774e-02
   4.6803e-02
   4.7823e-02
   4.8831e-02
   4.9829e-02
   5.0816e-02
   5.1791e-02
   5.2755e-02
   5.3708e-02
   5.4648e-02
   5.5577e-02
   5.6493e-02
   5.7397e-02
   5.8289e-02
   5.9168e-02
   6.0034e-02
   6.0887e-02
   6.1727e-02
   6.2554e-02
   6.3367e-02
   6.4167e-02
   6.4954e-02
   6.5726e-02
   6.6485e-02
   6.7230e-02
   6.7960e-02
   6.8677e-02
   6.9379e-02
   7.0067e-02
   7.0741e-02
   7.1399e-02
   7.2044e-02
   7.2673e-02
   7.3288e-02
   7.3888e-02
   7.4473e-02
   7.5044e-02
   7.5599e-02
   7.6139e-02
   7.6664e-02
   7.7174e-02
   7.7669e-02
   7.8149e-02
   7.8614e-02
   7.9064e-02
   7.9498e-02
   7.9917e-02
   8.0322e-02
   8.0710e-02
   8.1084e-02
   8.1443e-02
   8.1786e-02
   8.2115e-02
   8.2428e-02
   8.2727e-02
   8.3010e-02
   8.3278e-02
   8.3532e-02
   8.3771e-02
   8.3994e-02
   8.4204e-02
   8.4398e-02
   8.4578e-02
   8.4743e-02
   8.4894e-02
   8.5030e-02
   8.5153e-02
   8.5261e-02
   8.5354e-02
   8.5434e-02
   8.5500e-02
   8.5552e-02
   8.5591e-02
   8.5615e-02
   8.5627e-02
   8.5625e-02
   8.5609e-02
   8.5581e-02
   8.5539e-02
   8.5485e-02
   8.5417e-02
   8.5338e-02
   8.5245e-02
   8.5141e-02
   8.5024e-02
   8.4895e-02
   8.4754e-02
   8.4601e-02
   8.4437e-02
   8.4261e-02
   8.4074e-02
   8.3875e-02
   8.3666e-02
   8.3446e-02
   8.3215e-02
   8.2974e-02
   8.2722e-02
   8.2460e-02
   8.2188e-02
   8.1906e-02
   8.1614e-02
   8.1313e-02
   8.1003e-02
   8.0683e-02
   8.0355e-02
   8.0017e-02
   7.9671e-02
   7.9317e-02
   7.8954e-02
   7.8583e-02
   7.8204e-02
   7.7818e-02
   7.7423e-02
   7.7022e-02
   7.6613e-02
   7.6197e-02
   7.5774e-02
   7.5345e-02
   7.4909e-02
   7.4467e-02
   7.4019e-02
   7.3564e-02
   7.3104e-02
   7.2639e-02
   7.2167e-02
   7.1691e-02
   7.1210e-02
   7.0723e-02
   7.0232e-02
   6.9737e-02
   6.9237e-02
   6.8733e-02
   6.8225e-02
   6.7713e-02
   6.7197e-02
   6.6678e-02
   6.6155e-02
   6.5629e-02
   6.5101e-02
   6.4569e-02
   6.4035e-02
   6.3498e-02
   6.2959e-02
   6.2417e-02
   6.1874e-02
   6.1329e-02
   6.0782e-02
   6.0233e-02
   5.9683e-02
   5.9131e-02
   5.8579e-02
   5.8025e-02
   5.7471e-02
   5.6916e-02
   5.6360e-02
   5.5804e-02
   5.5247e-02
   5.4690e-02
   5.4134e-02
   5.3577e-02
   5.3021e-02
   5.2465e-02
   5.1909e-02
   5.1354e-02
   5.0800e-02
   5.0246e-02
   4.9694e-02
   4.9142e-02
   4.8592e-02
   4.8043e-02
   4.7495e-02
   4.6949e-02
   4.6404e-02
   4.5861e-02
   4.5320e-02
   4.4781e-02
   4.4243e-02
   4.3708e-02
   4.3175e-02
   4.2644e-02
   4.2116e-02
   4.1590e-02
   4.1066e-02
   4.0545e-02
   4.0026e-02
   3.9511e-02
   3.8998e-02
   3.8488e-02
   3.7981e-02
   3.7477e-02
   3.6975e-02
   3.6478e-02
   3.5983e-02
   3.5491e-02
   3.5003e-02
   3.4518e-02
   3.4037e-02
   3.3559e-02
   3.3084e-02
   3.2613e-02
   3.2146e-02
   3.1682e-02
   3.1222e-02
   3.0765e-02
   3.0313e-02
   2.9864e-02
   2.9419e-02
   2.8978e-02
   2.8540e-02
   2.8107e-02
   2.7677e-02
   2.7252e-02
   2.6830e-02
   2.6412e-02
   2.5999e-02
   2.5589e-02
   2.5183e-02
   2.4782e-02
   2.4384e-02
   2.3991e-02
   2.3602e-02
   2.3216e-02
   2.2835e-02
   2.2458e-02
   2.2085e-02
   2.1717e-02
   2.1352e-02
   2.0991e-02
   2.0635e-02
   2.0282e-02
   1.9934e-02
   1.9590e-02
   1.9250e-02
   1.8914e-02
   1.8582e-02
   1.8254e-02
   1.7930e-02
   1.7611e-02
   1.7295e-02
   1.6983e-02
   1.6675e-02
   1.6372e-02
   1.6072e-02
   1.5776e-02
   1.5484e-02
   1.5196e-02
   1.4912e-02
   1.4632e-02
   1.4356e-02
   1.4083e-02
   1.3814e-02
   1.3549e-02
   1.3288e-02
   1.3031e-02
   1.2777e-02
   1.2527e-02
   1.2280e-02
   1.2037e-02
   1.1798e-02
   1.1562e-02
   1.1330e-02
   1.1102e-02
   1.0876e-02
   1.0655e-02
   1.0436e-02
   1.0221e-02
   1.0010e-02
   9.8013e-03
   9.5963e-03
   9.3945e-03
   9.1960e-03
   9.0006e-03
   8.8084e-03
   8.6193e-03
   8.4332e-03
   8.2503e-03
   8.0703e-03
   7.8933e-03
   7.7192e-03
   7.5481e-03
   7.3798e-03
   7.2144e-03
   7.0518e-03
   6.8919e-03
   6.7348e-03
   6.5803e-03
   6.4285e-03
   6.2794e-03
   6.1328e-03
   5.9888e-03
   5.8472e-03
   5.7082e-03
   5.5716e-03
   5.4374e-03
   5.3056e-03
   5.1761e-03
   5.0489e-03
   4.9240e-03
   4.8013e-03
   4.6808e-03
   4.5625e-03
   4.4462e-03
   4.3321e-03
   4.2200e-03
   4.1099e-03
   4.0018e-03
   3.8956e-03
   3.7913e-03
   3.6889e-03
   3.5884e-03
   3.4896e-03
   3.3926e-03
   3.2974e-03
   3.2038e-03
   3.1119e-03
   3.0216e-03
   2.9329e-03
   2.8458e-03
   2.7602e-03
   2.6762e-03
   2.5935e-03
   2.5123e-03
   2.4325e-03
   2.3540e-03
   2.2769e-03
   2.2010e-03
   2.1264e-03
   2.0531e-03
   1.9809e-03
   1.9099e-03
   1.8400e-03
   1.7712e-03
   1.7034e-03
   1.6367e-03
   1.5710e-03
   1.5063e-03
   1.4424e-03
   1.3795e-03
   1.3174e-03
   1.2562e-03
   1.1957e-03
   1.1361e-03
   1.0771e-03
   1.0189e-03
   9.6128e-04
   9.0433e-04
   8.4797e-04
   7.9219e-04
   7.3693e-04
   6.8218e-04
   6.2788e-04
   5.7402e-04
   5.2056e-04
   4.6746e-04
   4.1468e-04
   3.6220e-04
   3.0997e-04
   2.5797e-04
   2.0615e-04
   1.5448e-04
   1.0292e-04
   5.1443e-05
,   -0.0033
  -0.0011
  -0.0046
  -0.0062
  -0.0077
  -0.0093
  -0.0108
  -0.0123
  -0.0139
  -0.0154
  -0.0169
  -0.0184
  -0.0199
  -0.0213
  -0.0228
  -0.0242
  -0.0257
  -0.0271
  -0.0285
  -0.0299
  -0.0313
  -0.0326
  -0.0340
  -0.0353
  -0.0366
  -0.0379
  -0.0392
  -0.0404
  -0.0416
  -0.0428
  -0.0440
  -0.0451
  -0.0463
  -0.0474
  -0.0484
  -0.0495
  -0.0505
  -0.0515
  -0.0525
  -0.0534
  -0.0543
  -0.0552
  -0.0561
  -0.0569
  -0.0577
  -0.0584
  -0.0592
  -0.0599
  -0.0605
  -0.0611
  -0.0617
  -0.0623
  -0.0628
  -0.0634
  -0.0638
  -0.0643
  -0.0647
  -0.0650
  -0.0653
  -0.0656
  -0.0659
  -0.0661
  -0.0663
  -0.0665
  -0.0666
  -0.0667
  -0.0667
  -0.0668
  -0.0668
  -0.0667
  -0.0666
  -0.0665
  -0.0663
  -0.0662
  -0.0659
  -0.0657
  -0.0654
  -0.0651
  -0.0647
  -0.0643
  -0.0639
  -0.0634
  -0.0629
  -0.0624
  -0.0619
  -0.0613
  -0.0607
  -0.0600
  -0.0594
  -0.0587
  -0.0579
  -0.0572
  -0.0564
  -0.0556
  -0.0547
  -0.0538
  -0.0529
  -0.0520
  -0.0511
  -0.0501
  -0.0491
  -0.0481
  -0.0470
  -0.0460
  -0.0449
  -0.0438
  -0.0426
  -0.0415
  -0.0403
  -0.0391
  -0.0379
  -0.0367
  -0.0354
  -0.0341
  -0.0329
  -0.0316
  -0.0303
  -0.0289
  -0.0276
  -0.0262
  -0.0249
  -0.0235
  -0.0221
  -0.0207
  -0.0193
  -0.0179
  -0.0165
  -0.0151
  -0.0136
  -0.0122
  -0.0107
  -0.0093
  -0.0078
  -0.0064
  -0.0049
  -0.0034
  -0.0020
  -0.0005
   0.0010
   0.0024
   0.0039
   0.0054
   0.0068
   0.0083
   0.0097
   0.0112
   0.0126
   0.0141
   0.0155
   0.0169
   0.0184
   0.0198
   0.0212
   0.0226
   0.0240
   0.0253
   0.0267
   0.0281
   0.0294
   0.0307
   0.0321
   0.0334
   0.0347
   0.0360
   0.0372
   0.0385
   0.0397
   0.0410
   0.0422
   0.0434
   0.0445
   0.0457
   0.0469
   0.0480
   0.0491
   0.0502
   0.0513
   0.0523
   0.0534
   0.0544
   0.0554
   0.0564
   0.0573
   0.0583
   0.0592
   0.0601
   0.0610
   0.0618
   0.0627
   0.0635
   0.0643
   0.0650
   0.0658
   0.0665
   0.0673
   0.0679
   0.0686
   0.0693
   0.0699
   0.0705
   0.0711
   0.0716
   0.0722
   0.0727
   0.0732
   0.0737
   0.0741
   0.0746
   0.0750
   0.0754
   0.0757
   0.0761
   0.0764
   0.0767
   0.0770
   0.0773
   0.0775
   0.0777
   0.0779
   0.0781
   0.0783
   0.0784
   0.0786
   0.0787
   0.0788
   0.0788
   0.0789
   0.0789
   0.0789
   0.0789
   0.0789
   0.0788
   0.0788
   0.0787
   0.0786
   0.0785
   0.0784
   0.0782
   0.0781
   0.0779
   0.0777
   0.0775
   0.0773
   0.0770
   0.0768
   0.0765
   0.0762
   0.0760
   0.0757
   0.0753
   0.0750
   0.0747
   0.0743
   0.0739
   0.0736
   0.0732
   0.0728
   0.0724
   0.0719
   0.0715
   0.0711
   0.0706
   0.0701
   0.0697
   0.0692
   0.0687
   0.0682
   0.0677
   0.0672
   0.0667
   0.0662
   0.0656
   0.0651
   0.0645
   0.0640
   0.0634
   0.0629
   0.0623
   0.0617
   0.0611
   0.0606
   0.0600
   0.0594
   0.0588
   0.0582
   0.0576
   0.0570
   0.0564
   0.0558
   0.0552
   0.0546
   0.0539
   0.0533
   0.0527
   0.0521
   0.0515
   0.0509
   0.0502
   0.0496
   0.0490
   0.0484
   0.0477
   0.0471
   0.0465
   0.0459
   0.0453
   0.0446
   0.0440
   0.0434
   0.0428
   0.0422
   0.0416
   0.0410
   0.0403
   0.0397
   0.0391
   0.0385
   0.0379
   0.0373
   0.0367
   0.0361
   0.0356
   0.0350
   0.0344
   0.0338
   0.0332
   0.0327
   0.0321
   0.0315
   0.0310
   0.0304
   0.0298
   0.0293
   0.0287
   0.0282
   0.0276
   0.0271
   0.0266
   0.0260
   0.0255
   0.0250
   0.0245
   0.0240
   0.0235
   0.0229
   0.0224
   0.0219
   0.0215
   0.0210
   0.0205
   0.0200
   0.0195
   0.0190
   0.0186
   0.0181
   0.0176
   0.0172
   0.0167
   0.0163
   0.0158
   0.0154
   0.0149
   0.0145
   0.0141
   0.0136
   0.0132
   0.0128
   0.0124
   0.0120
   0.0116
   0.0111
   0.0107
   0.0103
   0.0099
   0.0095
   0.0091
   0.0088
   0.0084
   0.0080
   0.0076
   0.0072
   0.0068
   0.0065
   0.0061
   0.0057
   0.0054
   0.0050
   0.0046
   0.0043
   0.0039
   0.0035
   0.0032
   0.0028
   0.0025
   0.0021
   0.0018
   0.0014
   0.0011
   0.0007
   0.0004
,    0.0040
   0.0013
   0.0057
   0.0076
   0.0095
   0.0113
   0.0132
   0.0150
   0.0169
   0.0187
   0.0205
   0.0223
   0.0241
   0.0258
   0.0275
   0.0292
   0.0309
   0.0325
   0.0342
   0.0357
   0.0373
   0.0388
   0.0403
   0.0418
   0.0432
   0.0445
   0.0459
   0.0472
   0.0484
   0.0496
   0.0508
   0.0519
   0.0530
   0.0540
   0.0550
   0.0559
   0.0568
   0.0576
   0.0584
   0.0592
   0.0598
   0.0605
   0.0610
   0.0615
   0.0620
   0.0624
   0.0628
   0.0631
   0.0633
   0.0635
   0.0636
   0.0637
   0.0637
   0.0637
   0.0636
   0.0635
   0.0632
   0.0630
   0.0627
   0.0623
   0.0619
   0.0614
   0.0609
   0.0603
   0.0597
   0.0590
   0.0582
   0.0575
   0.0566
   0.0557
   0.0548
   0.0538
   0.0528
   0.0517
   0.0506
   0.0494
   0.0482
   0.0470
   0.0457
   0.0444
   0.0430
   0.0416
   0.0402
   0.0387
   0.0372
   0.0357
   0.0341
   0.0325
   0.0309
   0.0293
   0.0276
   0.0259
   0.0242
   0.0225
   0.0207
   0.0189
   0.0171
   0.0153
   0.0135
   0.0117
   0.0099
   0.0080
   0.0062
   0.0043
   0.0025
   0.0006
  -0.0013
  -0.0031
  -0.0050
  -0.0068
  -0.0087
  -0.0105
  -0.0124
  -0.0142
  -0.0160
  -0.0178
  -0.0196
  -0.0213
  -0.0231
  -0.0248
  -0.0265
  -0.0282
  -0.0299
  -0.0315
  -0.0332
  -0.0348
  -0.0363
  -0.0379
  -0.0394
  -0.0408
  -0.0423
  -0.0437
  -0.0451
  -0.0464
  -0.0477
  -0.0490
  -0.0502
  -0.0514
  -0.0525
  -0.0536
  -0.0547
  -0.0557
  -0.0567
  -0.0576
  -0.0585
  -0.0594
  -0.0602
  -0.0609
  -0.0617
  -0.0623
  -0.0629
  -0.0635
  -0.0640
  -0.0645
  -0.0649
  -0.0653
  -0.0656
  -0.0659
  -0.0661
  -0.0663
  -0.0665
  -0.0665
  -0.0666
  -0.0666
  -0.0665
  -0.0664
  -0.0662
  -0.0660
  -0.0658
  -0.0655
  -0.0651
  -0.0647
  -0.0643
  -0.0638
  -0.0633
  -0.0627
  -0.0621
  -0.0614
  -0.0607
  -0.0599
  -0.0591
  -0.0583
  -0.0574
  -0.0565
  -0.0556
  -0.0546
  -0.0535
  -0.0525
  -0.0514
  -0.0503
  -0.0491
  -0.0479
  -0.0466
  -0.0454
  -0.0441
  -0.0428
  -0.0414
  -0.0400
  -0.0386
  -0.0372
  -0.0357
  -0.0343
  -0.0328
  -0.0312
  -0.0297
  -0.0281
  -0.0266
  -0.0250
  -0.0234
  -0.0217
  -0.0201
  -0.0184
  -0.0168
  -0.0151
  -0.0134
  -0.0117
  -0.0100
  -0.0083
  -0.0066
  -0.0049
  -0.0032
  -0.0015
   0.0002
   0.0020
   0.0037
   0.0054
   0.0071
   0.0088
   0.0105
   0.0122
   0.0139
   0.0156
   0.0172
   0.0189
   0.0206
   0.0222
   0.0238
   0.0255
   0.0271
   0.0286
   0.0302
   0.0318
   0.0333
   0.0348
   0.0363
   0.0378
   0.0393
   0.0407
   0.0421
   0.0435
   0.0449
   0.0463
   0.0476
   0.0489
   0.0502
   0.0514
   0.0527
   0.0539
   0.0551
   0.0562
   0.0573
   0.0584
   0.0595
   0.0605
   0.0616
   0.0625
   0.0635
   0.0644
   0.0653
   0.0662
   0.0670
   0.0678
   0.0686
   0.0694
   0.0701
   0.0708
   0.0714
   0.0720
   0.0726
   0.0732
   0.0737
   0.0742
   0.0747
   0.0752
   0.0756
   0.0760
   0.0763
   0.0766
   0.0769
   0.0772
   0.0774
   0.0776
   0.0778
   0.0779
   0.0781
   0.0782
   0.0782
   0.0782
   0.0783
   0.0782
   0.0782
   0.0781
   0.0780
   0.0779
   0.0777
   0.0775
   0.0773
   0.0771
   0.0769
   0.0766
   0.0763
   0.0759
   0.0756
   0.0752
   0.0748
   0.0744
   0.0740
   0.0735
   0.0731
   0.0726
   0.0720
   0.0715
   0.0709
   0.0704
   0.0698
   0.0692
   0.0686
   0.0679
   0.0672
   0.0666
   0.0659
   0.0652
   0.0645
   0.0637
   0.0630
   0.0622
   0.0614
   0.0607
   0.0599
   0.0591
   0.0582
   0.0574
   0.0566
   0.0557
   0.0548
   0.0540
   0.0531
   0.0522
   0.0513
   0.0504
   0.0495
   0.0486
   0.0476
   0.0467
   0.0458
   0.0448
   0.0439
   0.0429
   0.0420
   0.0410
   0.0400
   0.0391
   0.0381
   0.0371
   0.0361
   0.0351
   0.0341
   0.0332
   0.0322
   0.0312
   0.0302
   0.0292
   0.0282
   0.0272
   0.0262
   0.0252
   0.0241
   0.0231
   0.0221
   0.0211
   0.0201
   0.0191
   0.0181
   0.0171
   0.0161
   0.0151
   0.0141
   0.0131
   0.0121
   0.0111
   0.0100
   0.0090
   0.0080
   0.0070
   0.0060
   0.0050
   0.0040
   0.0030
   0.0020
   0.0010
, 