   0.0362
   0.0120
   0.0509
   0.0674
   0.0835
   0.0990
   0.1140
   0.1283
   0.1418
   0.1545
   0.1662
   0.1770
   0.1866
   0.1952
   0.2026
   0.2088
   0.2137
   0.2174
   0.2198
   0.2209
   0.2207
   0.2192
   0.2164
   0.2123
   0.2070
   0.2005
   0.1929
   0.1841
   0.1743
   0.1634
   0.1517
   0.1390
   0.1256
   0.1115
   0.0967
   0.0814
   0.0657
   0.0496
   0.0332
   0.0167
,   -0.0711
  -0.0233
  -0.0982
  -0.1273
  -0.1534
  -0.1758
  -0.1942
  -0.2079
  -0.2167
  -0.2204
  -0.2189
  -0.2122
  -0.2005
  -0.1841
  -0.1634
  -0.1388
  -0.1109
  -0.0805
  -0.0481
  -0.0146
   0.0192
   0.0526
   0.0848
   0.1149
   0.1424
   0.1665
   0.1868
   0.2027
   0.2138
   0.2200
   0.2210
   0.2169
   0.2077
   0.1937
   0.1753
   0.1527
   0.1266
   0.0976
   0.0664
   0.0336
,    0.1050
   0.0337
   0.1406
   0.1757
   0.2016
   0.2167
   0.2205
   0.2126
   0.1935
   0.1641
   0.1261
   0.0815
   0.0325
  -0.0181
  -0.0678
  -0.1140
  -0.1541
  -0.1861
  -0.2083
  -0.2195
  -0.2192
  -0.2073
  -0.1845
  -0.1520
  -0.1115
  -0.0651
  -0.0154
   0.0352
   0.0840
   0.1283
   0.1659
   0.1948
   0.2135
   0.2210
   0.2169
   0.2015
   0.1755
   0.1403
   0.0978
   0.0502
, 