   0.0131
   0.0044
   0.0184
   0.0246
   0.0306
   0.0366
   0.0426
   0.0485
   0.0543
   0.0601
   0.0657
   0.0712
   0.0767
   0.0820
   0.0872
   0.0922
   0.0971
   0.1019
   0.1065
   0.1110
   0.1152
   0.1193
   0.1232
   0.1269
   0.1305
   0.1338
   0.1369
   0.1398
   0.1425
   0.1450
   0.1473
   0.1493
   0.1511
   0.1527
   0.1540
   0.1551
   0.1560
   0.1566
   0.1570
   0.1572
   0.1571
   0.1568
   0.1563
   0.1555
   0.1545
   0.1532
   0.1518
   0.1501
   0.1481
   0.1460
   0.1436
   0.1410
   0.1382
   0.1352
   0.1321
   0.1287
   0.1251
   0.1213
   0.1174
   0.1133
   0.1090
   0.1046
   0.1000
   0.0952
   0.0904
   0.0854
   0.0802
   0.0750
   0.0696
   0.0642
   0.0587
   0.0530
   0.0473
   0.0416
   0.0357
   0.0299
   0.0239
   0.0180
   0.0120
   0.0060
,    0.0258
   0.0086
   0.0363
   0.0481
   0.0596
   0.0707
   0.0813
   0.0915
   0.1012
   0.1102
   0.1185
   0.1262
   0.1330
   0.1391
   0.1443
   0.1487
   0.1521
   0.1546
   0.1562
   0.1569
   0.1566
   0.1553
   0.1531
   0.1500
   0.1460
   0.1410
   0.1353
   0.1287
   0.1213
   0.1132
   0.1045
   0.0950
   0.0851
   0.0746
   0.0636
   0.0523
   0.0406
   0.0287
   0.0167
   0.0045
  -0.0077
  -0.0198
  -0.0319
  -0.0437
  -0.0553
  -0.0665
  -0.0774
  -0.0877
  -0.0976
  -0.1069
  -0.1155
  -0.1234
  -0.1306
  -0.1370
  -0.1426
  -0.1473
  -0.1511
  -0.1541
  -0.1561
  -0.1572
  -0.1573
  -0.1565
  -0.1548
  -0.1522
  -0.1486
  -0.1441
  -0.1388
  -0.1327
  -0.1258
  -0.1181
  -0.1097
  -0.1007
  -0.0911
  -0.0809
  -0.0703
  -0.0592
  -0.0478
  -0.0361
  -0.0242
  -0.0121
,    0.0386
   0.0127
   0.0538
   0.0706
   0.0864
   0.1011
   0.1144
   0.1261
   0.1361
   0.1443
   0.1505
   0.1547
   0.1568
   0.1567
   0.1545
   0.1503
   0.1439
   0.1357
   0.1256
   0.1138
   0.1004
   0.0857
   0.0698
   0.0530
   0.0354
   0.0174
  -0.0008
  -0.0191
  -0.0371
  -0.0546
  -0.0713
  -0.0871
  -0.1017
  -0.1149
  -0.1266
  -0.1365
  -0.1446
  -0.1508
  -0.1549
  -0.1569
  -0.1568
  -0.1545
  -0.1502
  -0.1438
  -0.1355
  -0.1254
  -0.1135
  -0.1002
  -0.0854
  -0.0696
  -0.0527
  -0.0352
  -0.0172
   0.0011
   0.0193
   0.0373
   0.0547
   0.0715
   0.0872
   0.1018
   0.1150
   0.1267
   0.1366
   0.1447
   0.1509
   0.1550
   0.1571
   0.1570
   0.1548
   0.1505
   0.1442
   0.1360
   0.1259
   0.1142
   0.1009
   0.0862
   0.0704
   0.0536
   0.0362
   0.0182
, 