   0.0014
   0.0005
   0.0020
   0.0026
   0.0033
   0.0039
   0.0046
   0.0052
   0.0059
   0.0065
   0.0072
   0.0078
   0.0085
   0.0091
   0.0098
   0.0104
   0.0111
   0.0117
   0.0124
   0.0130
   0.0137
   0.0143
   0.0150
   0.0156
   0.0162
   0.0169
   0.0175
   0.0182
   0.0188
   0.0194
   0.0200
   0.0207
   0.0213
   0.0219
   0.0226
   0.0232
   0.0238
   0.0244
   0.0250
   0.0257
   0.0263
   0.0269
   0.0275
   0.0281
   0.0287
   0.0293
   0.0299
   0.0305
   0.0311
   0.0317
   0.0323
   0.0329
   0.0335
   0.0340
   0.0346
   0.0352
   0.0358
   0.0363
   0.0369
   0.0375
   0.0380
   0.0386
   0.0392
   0.0397
   0.0403
   0.0408
   0.0414
   0.0419
   0.0424
   0.0430
   0.0435
   0.0440
   0.0446
   0.0451
   0.0456
   0.0461
   0.0466
   0.0471
   0.0477
   0.0482
   0.0486
   0.0491
   0.0496
   0.0501
   0.0506
   0.0511
   0.0515
   0.0520
   0.0525
   0.0529
   0.0534
   0.0539
   0.0543
   0.0548
   0.0552
   0.0556
   0.0561
   0.0565
   0.0569
   0.0573
   0.0577
   0.0582
   0.0586
   0.0590
   0.0594
   0.0598
   0.0601
   0.0605
   0.0609
   0.0613
   0.0616
   0.0620
   0.0624
   0.0627
   0.0631
   0.0634
   0.0638
   0.0641
   0.0644
   0.0647
   0.0651
   0.0654
   0.0657
   0.0660
   0.0663
   0.0666
   0.0669
   0.0672
   0.0674
   0.0677
   0.0680
   0.0682
   0.0685
   0.0688
   0.0690
   0.0692
   0.0695
   0.0697
   0.0699
   0.0702
   0.0704
   0.0706
   0.0708
   0.0710
   0.0712
   0.0714
   0.0716
   0.0717
   0.0719
   0.0721
   0.0722
   0.0724
   0.0725
   0.0727
   0.0728
   0.0730
   0.0731
   0.0732
   0.0733
   0.0734
   0.0735
   0.0736
   0.0737
   0.0738
   0.0739
   0.0740
   0.0741
   0.0741
   0.0742
   0.0742
   0.0743
   0.0743
   0.0744
   0.0744
   0.0744
   0.0744
   0.0745
   0.0745
   0.0745
   0.0745
   0.0745
   0.0744
   0.0744
   0.0744
   0.0744
   0.0743
   0.0743
   0.0742
   0.0742
   0.0741
   0.0741
   0.0740
   0.0739
   0.0738
   0.0738
   0.0737
   0.0736
   0.0735
   0.0734
   0.0732
   0.0731
   0.0730
   0.0729
   0.0727
   0.0726
   0.0724
   0.0723
   0.0721
   0.0720
   0.0718
   0.0716
   0.0714
   0.0713
   0.0711
   0.0709
   0.0707
   0.0705
   0.0703
   0.0700
   0.0698
   0.0696
   0.0694
   0.0691
   0.0689
   0.0686
   0.0684
   0.0681
   0.0678
   0.0676
   0.0673
   0.0670
   0.0667
   0.0665
   0.0662
   0.0659
   0.0656
   0.0652
   0.0649
   0.0646
   0.0643
   0.0640
   0.0636
   0.0633
   0.0630
   0.0626
   0.0623
   0.0619
   0.0615
   0.0612
   0.0608
   0.0604
   0.0600
   0.0597
   0.0593
   0.0589
   0.0585
   0.0581
   0.0577
   0.0573
   0.0569
   0.0564
   0.0560
   0.0556
   0.0552
   0.0547
   0.0543
   0.0538
   0.0534
   0.0530
   0.0525
   0.0520
   0.0516
   0.0511
   0.0506
   0.0502
   0.0497
   0.0492
   0.0487
   0.0482
   0.0477
   0.0473
   0.0468
   0.0463
   0.0458
   0.0452
   0.0447
   0.0442
   0.0437
   0.0432
   0.0427
   0.0421
   0.0416
   0.0411
   0.0405
   0.0400
   0.0394
   0.0389
   0.0383
   0.0378
   0.0372
   0.0367
   0.0361
   0.0356
   0.0350
   0.0344
   0.0339
   0.0333
   0.0327
   0.0321
   0.0316
   0.0310
   0.0304
   0.0298
   0.0292
   0.0286
   0.0280
   0.0275
   0.0269
   0.0263
   0.0257
   0.0251
   0.0245
   0.0238
   0.0232
   0.0226
   0.0220
   0.0214
   0.0208
   0.0202
   0.0196
   0.0190
   0.0183
   0.0177
   0.0171
   0.0165
   0.0158
   0.0152
   0.0146
   0.0140
   0.0133
   0.0127
   0.0121
   0.0114
   0.0108
   0.0102
   0.0096
   0.0089
   0.0083
   0.0076
   0.0070
   0.0064
   0.0057
   0.0051
   0.0045
   0.0038
   0.0032
   0.0026
   0.0019
   0.0013
   0.0006
,  -2.7540e-003
 -9.1781e-004
 -3.8935e-003
 -5.1895e-003
 -6.4839e-003
 -7.7763e-003
 -9.0664e-003
 -1.0354e-002
 -1.1638e-002
 -1.2918e-002
 -1.4195e-002
 -1.5467e-002
 -1.6735e-002
 -1.7997e-002
 -1.9254e-002
 -2.0505e-002
 -2.1750e-002
 -2.2988e-002
 -2.4219e-002
 -2.5443e-002
 -2.6659e-002
 -2.7867e-002
 -2.9066e-002
 -3.0257e-002
 -3.1438e-002
 -3.2610e-002
 -3.3771e-002
 -3.4923e-002
 -3.6063e-002
 -3.7193e-002
 -3.8311e-002
 -3.9418e-002
 -4.0513e-002
 -4.1595e-002
 -4.2664e-002
 -4.3721e-002
 -4.4764e-002
 -4.5793e-002
 -4.6809e-002
 -4.7810e-002
 -4.8797e-002
 -4.9768e-002
 -5.0725e-002
 -5.1666e-002
 -5.2591e-002
 -5.3500e-002
 -5.4393e-002
 -5.5270e-002
 -5.6129e-002
 -5.6971e-002
 -5.7796e-002
 -5.8603e-002
 -5.9393e-002
 -6.0164e-002
 -6.0917e-002
 -6.1651e-002
 -6.2366e-002
 -6.3063e-002
 -6.3740e-002
 -6.4398e-002
 -6.5036e-002
 -6.5654e-002
 -6.6252e-002
 -6.6830e-002
 -6.7387e-002
 -6.7924e-002
 -6.8441e-002
 -6.8936e-002
 -6.9410e-002
 -6.9864e-002
 -7.0295e-002
 -7.0706e-002
 -7.1095e-002
 -7.1462e-002
 -7.1807e-002
 -7.2131e-002
 -7.2432e-002
 -7.2711e-002
 -7.2969e-002
 -7.3203e-002
 -7.3416e-002
 -7.3606e-002
 -7.3774e-002
 -7.3919e-002
 -7.4042e-002
 -7.4142e-002
 -7.4219e-002
 -7.4274e-002
 -7.4306e-002
 -7.4316e-002
 -7.4303e-002
 -7.4267e-002
 -7.4209e-002
 -7.4128e-002
 -7.4024e-002
 -7.3898e-002
 -7.3749e-002
 -7.3578e-002
 -7.3384e-002
 -7.3168e-002
 -7.2930e-002
 -7.2669e-002
 -7.2387e-002
 -7.2082e-002
 -7.1755e-002
 -7.1407e-002
 -7.1036e-002
 -7.0644e-002
 -7.0231e-002
 -6.9796e-002
 -6.9340e-002
 -6.8862e-002
 -6.8364e-002
 -6.7845e-002
 -6.7305e-002
 -6.6745e-002
 -6.6164e-002
 -6.5563e-002
 -6.4943e-002
 -6.4302e-002
 -6.3642e-002
 -6.2963e-002
 -6.2264e-002
 -6.1546e-002
 -6.0810e-002
 -6.0055e-002
 -5.9282e-002
 -5.8491e-002
 -5.7682e-002
 -5.6855e-002
 -5.6011e-002
 -5.5150e-002
 -5.4273e-002
 -5.3378e-002
 -5.2468e-002
 -5.1541e-002
 -5.0599e-002
 -4.9642e-002
 -4.8669e-002
 -4.7682e-002
 -4.6680e-002
 -4.5664e-002
 -4.4633e-002
 -4.3590e-002
 -4.2533e-002
 -4.1463e-002
 -4.0381e-002
 -3.9286e-002
 -3.8179e-002
 -3.7061e-002
 -3.5932e-002
 -3.4791e-002
 -3.3640e-002
 -3.2479e-002
 -3.1308e-002
 -3.0127e-002
 -2.8937e-002
 -2.7739e-002
 -2.6532e-002
 -2.5316e-002
 -2.4094e-002
 -2.2864e-002
 -2.1627e-002
 -2.0383e-002
 -1.9133e-002
 -1.7877e-002
 -1.6616e-002
 -1.5350e-002
 -1.4079e-002
 -1.2804e-002
 -1.1525e-002
 -1.0243e-002
 -8.9575e-003
 -7.6692e-003
 -6.3786e-003
 -5.0861e-003
 -3.7920e-003
 -2.4967e-003
 -1.2007e-003
  9.5606e-005
  1.3919e-003
  2.6878e-003
  3.9829e-003
  5.2768e-003
  6.5691e-003
  7.8594e-003
  9.1473e-003
  1.0432e-002
  1.1714e-002
  1.2993e-002
  1.4267e-002
  1.5537e-002
  1.6803e-002
  1.8063e-002
  1.9318e-002
  2.0567e-002
  2.1810e-002
  2.3046e-002
  2.4275e-002
  2.5497e-002
  2.6711e-002
  2.7917e-002
  2.9115e-002
  3.0303e-002
  3.1483e-002
  3.2653e-002
  3.3813e-002
  3.4963e-002
  3.6102e-002
  3.7230e-002
  3.8348e-002
  3.9453e-002
  4.0546e-002
  4.1628e-002
  4.2696e-002
  4.3752e-002
  4.4795e-002
  4.5824e-002
  4.6839e-002
  4.7839e-002
  4.8826e-002
  4.9798e-002
  5.0754e-002
  5.1695e-002
  5.2621e-002
  5.3531e-002
  5.4424e-002
  5.5301e-002
  5.6162e-002
  5.7005e-002
  5.7831e-002
  5.8640e-002
  5.9431e-002
  6.0203e-002
  6.0958e-002
  6.1695e-002
  6.2412e-002
  6.3111e-002
  6.3791e-002
  6.4451e-002
  6.5093e-002
  6.5714e-002
  6.6316e-002
  6.6897e-002
  6.7458e-002
  6.7999e-002
  6.8520e-002
  6.9020e-002
  6.9499e-002
  6.9957e-002
  7.0393e-002
  7.0809e-002
  7.1203e-002
  7.1576e-002
  7.1927e-002
  7.2257e-002
  7.2565e-002
  7.2851e-002
  7.3115e-002
  7.3356e-002
  7.3576e-002
  7.3774e-002
  7.3949e-002
  7.4102e-002
  7.4233e-002
  7.4341e-002
  7.4427e-002
  7.4491e-002
  7.4532e-002
  7.4551e-002
  7.4547e-002
  7.4521e-002
  7.4472e-002
  7.4401e-002
  7.4308e-002
  7.4192e-002
  7.4054e-002
  7.3893e-002
  7.3711e-002
  7.3506e-002
  7.3279e-002
  7.3030e-002
  7.2759e-002
  7.2467e-002
  7.2152e-002
  7.1816e-002
  7.1458e-002
  7.1079e-002
  7.0678e-002
  7.0256e-002
  6.9813e-002
  6.9349e-002
  6.8864e-002
  6.8359e-002
  6.7833e-002
  6.7286e-002
  6.6720e-002
  6.6133e-002
  6.5527e-002
  6.4901e-002
  6.4255e-002
  6.3590e-002
  6.2906e-002
  6.2203e-002
  6.1482e-002
  6.0742e-002
  5.9984e-002
  5.9208e-002
  5.8414e-002
  5.7603e-002
  5.6774e-002
  5.5928e-002
  5.5066e-002
  5.4187e-002
  5.3292e-002
  5.2381e-002
  5.1454e-002
  5.0512e-002
  4.9554e-002
  4.8582e-002
  4.7596e-002
  4.6595e-002
  4.5580e-002
  4.4551e-002
  4.3509e-002
  4.2454e-002
  4.1387e-002
  4.0307e-002
  3.9215e-002
  3.8111e-002
  3.6996e-002
  3.5870e-002
  3.4733e-002
  3.3586e-002
  3.2429e-002
  3.1262e-002
  3.0085e-002
  2.8900e-002
  2.7706e-002
  2.6504e-002
  2.5294e-002
  2.4076e-002
  2.2851e-002
  2.1619e-002
  2.0381e-002
  1.9137e-002
  1.7887e-002
  1.6632e-002
  1.5372e-002
  1.4107e-002
  1.2838e-002
  1.1565e-002
  1.0289e-002
  9.0092e-003
  7.7272e-003
  6.4428e-003
  5.1566e-003
  3.8688e-003
  2.5798e-003
  1.2901e-003
,   -0.0041
  -0.0014
  -0.0058
  -0.0078
  -0.0097
  -0.0116
  -0.0135
  -0.0154
  -0.0173
  -0.0192
  -0.0211
  -0.0230
  -0.0248
  -0.0266
  -0.0284
  -0.0302
  -0.0320
  -0.0337
  -0.0355
  -0.0372
  -0.0388
  -0.0405
  -0.0421
  -0.0437
  -0.0452
  -0.0468
  -0.0483
  -0.0497
  -0.0512
  -0.0525
  -0.0539
  -0.0552
  -0.0565
  -0.0578
  -0.0590
  -0.0601
  -0.0613
  -0.0623
  -0.0634
  -0.0644
  -0.0653
  -0.0662
  -0.0671
  -0.0679
  -0.0687
  -0.0694
  -0.0701
  -0.0707
  -0.0713
  -0.0718
  -0.0723
  -0.0727
  -0.0731
  -0.0734
  -0.0737
  -0.0740
  -0.0741
  -0.0743
  -0.0743
  -0.0744
  -0.0743
  -0.0743
  -0.0742
  -0.0740
  -0.0738
  -0.0735
  -0.0731
  -0.0728
  -0.0723
  -0.0719
  -0.0713
  -0.0708
  -0.0702
  -0.0695
  -0.0688
  -0.0680
  -0.0672
  -0.0663
  -0.0654
  -0.0645
  -0.0635
  -0.0625
  -0.0614
  -0.0603
  -0.0591
  -0.0579
  -0.0567
  -0.0554
  -0.0541
  -0.0527
  -0.0513
  -0.0499
  -0.0484
  -0.0470
  -0.0454
  -0.0439
  -0.0423
  -0.0407
  -0.0390
  -0.0374
  -0.0357
  -0.0340
  -0.0322
  -0.0304
  -0.0287
  -0.0269
  -0.0250
  -0.0232
  -0.0213
  -0.0195
  -0.0176
  -0.0157
  -0.0138
  -0.0119
  -0.0099
  -0.0080
  -0.0061
  -0.0041
  -0.0022
  -0.0003
   0.0017
   0.0036
   0.0056
   0.0075
   0.0094
   0.0114
   0.0133
   0.0152
   0.0171
   0.0190
   0.0209
   0.0227
   0.0246
   0.0264
   0.0282
   0.0300
   0.0317
   0.0335
   0.0352
   0.0369
   0.0386
   0.0402
   0.0419
   0.0435
   0.0450
   0.0466
   0.0481
   0.0495
   0.0510
   0.0524
   0.0537
   0.0550
   0.0563
   0.0576
   0.0588
   0.0600
   0.0611
   0.0622
   0.0632
   0.0642
   0.0652
   0.0661
   0.0670
   0.0678
   0.0686
   0.0693
   0.0700
   0.0706
   0.0712
   0.0718
   0.0723
   0.0727
   0.0731
   0.0734
   0.0737
   0.0740
   0.0741
   0.0743
   0.0744
   0.0744
   0.0744
   0.0743
   0.0742
   0.0741
   0.0738
   0.0736
   0.0733
   0.0729
   0.0725
   0.0720
   0.0715
   0.0709
   0.0703
   0.0697
   0.0690
   0.0682
   0.0674
   0.0666
   0.0657
   0.0647
   0.0638
   0.0627
   0.0617
   0.0606
   0.0594
   0.0582
   0.0570
   0.0557
   0.0544
   0.0531
   0.0517
   0.0503
   0.0488
   0.0473
   0.0458
   0.0443
   0.0427
   0.0411
   0.0395
   0.0378
   0.0361
   0.0344
   0.0327
   0.0309
   0.0291
   0.0273
   0.0255
   0.0237
   0.0218
   0.0200
   0.0181
   0.0162
   0.0143
   0.0124
   0.0105
   0.0086
   0.0066
   0.0047
   0.0027
   0.0008
  -0.0011
  -0.0031
  -0.0050
  -0.0070
  -0.0089
  -0.0108
  -0.0127
  -0.0146
  -0.0165
  -0.0184
  -0.0203
  -0.0222
  -0.0240
  -0.0258
  -0.0277
  -0.0295
  -0.0312
  -0.0330
  -0.0347
  -0.0364
  -0.0381
  -0.0398
  -0.0414
  -0.0430
  -0.0446
  -0.0461
  -0.0476
  -0.0491
  -0.0505
  -0.0519
  -0.0533
  -0.0547
  -0.0560
  -0.0572
  -0.0584
  -0.0596
  -0.0608
  -0.0619
  -0.0629
  -0.0640
  -0.0649
  -0.0659
  -0.0667
  -0.0676
  -0.0684
  -0.0691
  -0.0698
  -0.0705
  -0.0711
  -0.0716
  -0.0722
  -0.0726
  -0.0730
  -0.0734
  -0.0737
  -0.0740
  -0.0742
  -0.0743
  -0.0744
  -0.0745
  -0.0745
  -0.0745
  -0.0744
  -0.0742
  -0.0740
  -0.0738
  -0.0735
  -0.0732
  -0.0728
  -0.0723
  -0.0718
  -0.0713
  -0.0707
  -0.0701
  -0.0694
  -0.0687
  -0.0679
  -0.0671
  -0.0662
  -0.0653
  -0.0643
  -0.0633
  -0.0623
  -0.0612
  -0.0601
  -0.0589
  -0.0577
  -0.0564
  -0.0551
  -0.0538
  -0.0525
  -0.0511
  -0.0496
  -0.0482
  -0.0467
  -0.0451
  -0.0436
  -0.0420
  -0.0404
  -0.0387
  -0.0371
  -0.0354
  -0.0337
  -0.0319
  -0.0301
  -0.0284
  -0.0266
  -0.0247
  -0.0229
  -0.0210
  -0.0192
  -0.0173
  -0.0154
  -0.0135
  -0.0116
  -0.0097
  -0.0077
  -0.0058
  -0.0039
  -0.0019
, 