   0.0025
   0.0008
   0.0036
   0.0048
   0.0060
   0.0072
   0.0084
   0.0096
   0.0108
   0.0120
   0.0132
   0.0143
   0.0155
   0.0167
   0.0179
   0.0191
   0.0202
   0.0214
   0.0226
   0.0237
   0.0249
   0.0260
   0.0272
   0.0283
   0.0295
   0.0306
   0.0317
   0.0329
   0.0340
   0.0351
   0.0362
   0.0373
   0.0384
   0.0395
   0.0405
   0.0416
   0.0427
   0.0437
   0.0448
   0.0458
   0.0469
   0.0479
   0.0489
   0.0499
   0.0509
   0.0519
   0.0529
   0.0538
   0.0548
   0.0558
   0.0567
   0.0576
   0.0586
   0.0595
   0.0604
   0.0613
   0.0622
   0.0630
   0.0639
   0.0647
   0.0656
   0.0664
   0.0672
   0.0680
   0.0688
   0.0696
   0.0704
   0.0711
   0.0719
   0.0726
   0.0733
   0.0740
   0.0747
   0.0754
   0.0760
   0.0767
   0.0773
   0.0780
   0.0786
   0.0792
   0.0798
   0.0803
   0.0809
   0.0814
   0.0820
   0.0825
   0.0830
   0.0835
   0.0839
   0.0844
   0.0848
   0.0853
   0.0857
   0.0861
   0.0865
   0.0868
   0.0872
   0.0875
   0.0879
   0.0882
   0.0885
   0.0887
   0.0890
   0.0893
   0.0895
   0.0897
   0.0899
   0.0901
   0.0903
   0.0904
   0.0906
   0.0907
   0.0908
   0.0909
   0.0910
   0.0910
   0.0911
   0.0911
   0.0911
   0.0911
   0.0911
   0.0911
   0.0911
   0.0910
   0.0909
   0.0908
   0.0907
   0.0906
   0.0905
   0.0903
   0.0901
   0.0900
   0.0898
   0.0895
   0.0893
   0.0891
   0.0888
   0.0885
   0.0882
   0.0879
   0.0876
   0.0873
   0.0869
   0.0866
   0.0862
   0.0858
   0.0854
   0.0850
   0.0845
   0.0841
   0.0836
   0.0831
   0.0826
   0.0821
   0.0816
   0.0811
   0.0805
   0.0800
   0.0794
   0.0788
   0.0782
   0.0776
   0.0770
   0.0763
   0.0757
   0.0750
   0.0743
   0.0737
   0.0730
   0.0722
   0.0715
   0.0708
   0.0700
   0.0693
   0.0685
   0.0677
   0.0669
   0.0661
   0.0653
   0.0645
   0.0636
   0.0628
   0.0619
   0.0610
   0.0602
   0.0593
   0.0584
   0.0575
   0.0565
   0.0556
   0.0547
   0.0537
   0.0528
   0.0518
   0.0508
   0.0499
   0.0489
   0.0479
   0.0469
   0.0459
   0.0448
   0.0438
   0.0428
   0.0417
   0.0407
   0.0396
   0.0386
   0.0375
   0.0364
   0.0354
   0.0343
   0.0332
   0.0321
   0.0310
   0.0299
   0.0288
   0.0277
   0.0265
   0.0254
   0.0243
   0.0232
   0.0220
   0.0209
   0.0197
   0.0186
   0.0175
   0.0163
   0.0151
   0.0140
   0.0128
   0.0117
   0.0105
   0.0093
   0.0082
   0.0070
   0.0058
   0.0047
   0.0035
   0.0023
   0.0012
,   -0.0050
  -0.0017
  -0.0071
  -0.0095
  -0.0119
  -0.0142
  -0.0166
  -0.0189
  -0.0212
  -0.0235
  -0.0258
  -0.0281
  -0.0304
  -0.0326
  -0.0348
  -0.0370
  -0.0391
  -0.0413
  -0.0434
  -0.0455
  -0.0475
  -0.0495
  -0.0515
  -0.0534
  -0.0554
  -0.0572
  -0.0591
  -0.0608
  -0.0626
  -0.0643
  -0.0660
  -0.0676
  -0.0691
  -0.0707
  -0.0721
  -0.0736
  -0.0749
  -0.0763
  -0.0775
  -0.0788
  -0.0799
  -0.0810
  -0.0821
  -0.0831
  -0.0840
  -0.0849
  -0.0857
  -0.0865
  -0.0872
  -0.0878
  -0.0884
  -0.0890
  -0.0894
  -0.0898
  -0.0902
  -0.0904
  -0.0907
  -0.0908
  -0.0909
  -0.0910
  -0.0909
  -0.0908
  -0.0907
  -0.0905
  -0.0902
  -0.0898
  -0.0894
  -0.0890
  -0.0885
  -0.0879
  -0.0872
  -0.0865
  -0.0858
  -0.0850
  -0.0841
  -0.0831
  -0.0821
  -0.0811
  -0.0800
  -0.0788
  -0.0776
  -0.0764
  -0.0750
  -0.0737
  -0.0722
  -0.0708
  -0.0693
  -0.0677
  -0.0661
  -0.0644
  -0.0627
  -0.0610
  -0.0592
  -0.0574
  -0.0555
  -0.0536
  -0.0517
  -0.0497
  -0.0477
  -0.0456
  -0.0436
  -0.0415
  -0.0393
  -0.0372
  -0.0350
  -0.0328
  -0.0306
  -0.0283
  -0.0261
  -0.0238
  -0.0215
  -0.0191
  -0.0168
  -0.0145
  -0.0121
  -0.0098
  -0.0074
  -0.0050
  -0.0027
  -0.0003
   0.0021
   0.0045
   0.0068
   0.0092
   0.0116
   0.0139
   0.0163
   0.0186
   0.0209
   0.0232
   0.0255
   0.0278
   0.0300
   0.0323
   0.0345
   0.0367
   0.0388
   0.0410
   0.0431
   0.0452
   0.0472
   0.0492
   0.0512
   0.0532
   0.0551
   0.0570
   0.0588
   0.0606
   0.0623
   0.0641
   0.0657
   0.0673
   0.0689
   0.0705
   0.0719
   0.0734
   0.0748
   0.0761
   0.0774
   0.0786
   0.0798
   0.0809
   0.0820
   0.0830
   0.0840
   0.0849
   0.0857
   0.0865
   0.0872
   0.0879
   0.0885
   0.0890
   0.0895
   0.0900
   0.0903
   0.0906
   0.0909
   0.0911
   0.0912
   0.0912
   0.0912
   0.0912
   0.0910
   0.0909
   0.0906
   0.0903
   0.0899
   0.0895
   0.0890
   0.0885
   0.0879
   0.0872
   0.0865
   0.0857
   0.0848
   0.0839
   0.0830
   0.0819
   0.0809
   0.0798
   0.0786
   0.0773
   0.0761
   0.0747
   0.0733
   0.0719
   0.0704
   0.0689
   0.0673
   0.0657
   0.0640
   0.0623
   0.0606
   0.0588
   0.0570
   0.0551
   0.0532
   0.0512
   0.0493
   0.0473
   0.0452
   0.0432
   0.0411
   0.0389
   0.0368
   0.0346
   0.0324
   0.0302
   0.0279
   0.0257
   0.0234
   0.0211
   0.0188
   0.0165
   0.0141
   0.0118
   0.0094
   0.0071
   0.0047
   0.0024
,   -0.0076
  -0.0025
  -0.0107
  -0.0142
  -0.0177
  -0.0212
  -0.0247
  -0.0281
  -0.0314
  -0.0348
  -0.0380
  -0.0412
  -0.0444
  -0.0475
  -0.0505
  -0.0534
  -0.0562
  -0.0590
  -0.0617
  -0.0642
  -0.0667
  -0.0691
  -0.0714
  -0.0735
  -0.0756
  -0.0775
  -0.0793
  -0.0810
  -0.0826
  -0.0840
  -0.0853
  -0.0865
  -0.0875
  -0.0884
  -0.0892
  -0.0899
  -0.0904
  -0.0907
  -0.0909
  -0.0910
  -0.0910
  -0.0908
  -0.0904
  -0.0900
  -0.0893
  -0.0886
  -0.0877
  -0.0867
  -0.0855
  -0.0843
  -0.0828
  -0.0813
  -0.0796
  -0.0779
  -0.0759
  -0.0739
  -0.0718
  -0.0695
  -0.0672
  -0.0647
  -0.0622
  -0.0595
  -0.0568
  -0.0540
  -0.0510
  -0.0480
  -0.0450
  -0.0419
  -0.0387
  -0.0354
  -0.0321
  -0.0287
  -0.0253
  -0.0219
  -0.0184
  -0.0149
  -0.0114
  -0.0078
  -0.0043
  -0.0007
   0.0029
   0.0064
   0.0100
   0.0135
   0.0170
   0.0205
   0.0240
   0.0274
   0.0308
   0.0341
   0.0374
   0.0406
   0.0437
   0.0468
   0.0499
   0.0528
   0.0557
   0.0584
   0.0611
   0.0637
   0.0662
   0.0686
   0.0709
   0.0731
   0.0752
   0.0771
   0.0790
   0.0807
   0.0823
   0.0837
   0.0851
   0.0863
   0.0874
   0.0883
   0.0891
   0.0898
   0.0903
   0.0907
   0.0910
   0.0911
   0.0910
   0.0909
   0.0906
   0.0901
   0.0896
   0.0889
   0.0880
   0.0870
   0.0859
   0.0846
   0.0833
   0.0818
   0.0801
   0.0784
   0.0765
   0.0745
   0.0724
   0.0702
   0.0679
   0.0654
   0.0629
   0.0603
   0.0576
   0.0548
   0.0519
   0.0489
   0.0459
   0.0428
   0.0396
   0.0363
   0.0331
   0.0297
   0.0263
   0.0229
   0.0194
   0.0159
   0.0124
   0.0089
   0.0053
   0.0018
  -0.0018
  -0.0053
  -0.0089
  -0.0124
  -0.0160
  -0.0194
  -0.0229
  -0.0263
  -0.0297
  -0.0331
  -0.0364
  -0.0396
  -0.0428
  -0.0459
  -0.0489
  -0.0519
  -0.0548
  -0.0576
  -0.0603
  -0.0629
  -0.0655
  -0.0679
  -0.0702
  -0.0724
  -0.0745
  -0.0765
  -0.0784
  -0.0802
  -0.0818
  -0.0833
  -0.0847
  -0.0860
  -0.0871
  -0.0881
  -0.0889
  -0.0896
  -0.0902
  -0.0907
  -0.0910
  -0.0912
  -0.0912
  -0.0911
  -0.0908
  -0.0905
  -0.0899
  -0.0893
  -0.0885
  -0.0875
  -0.0865
  -0.0853
  -0.0840
  -0.0825
  -0.0809
  -0.0792
  -0.0774
  -0.0755
  -0.0734
  -0.0713
  -0.0690
  -0.0666
  -0.0641
  -0.0616
  -0.0589
  -0.0561
  -0.0533
  -0.0504
  -0.0473
  -0.0443
  -0.0411
  -0.0379
  -0.0347
  -0.0314
  -0.0280
  -0.0246
  -0.0211
  -0.0177
  -0.0142
  -0.0106
  -0.0071
  -0.0036
, 