   0.0017
   0.0006
   0.0023
   0.0031
   0.0039
   0.0047
   0.0055
   0.0062
   0.0070
   0.0078
   0.0086
   0.0094
   0.0101
   0.0109
   0.0117
   0.0124
   0.0132
   0.0140
   0.0148
   0.0155
   0.0163
   0.0170
   0.0178
   0.0186
   0.0193
   0.0201
   0.0208
   0.0216
   0.0223
   0.0231
   0.0238
   0.0246
   0.0253
   0.0261
   0.0268
   0.0275
   0.0283
   0.0290
   0.0297
   0.0304
   0.0311
   0.0319
   0.0326
   0.0333
   0.0340
   0.0347
   0.0354
   0.0361
   0.0368
   0.0375
   0.0382
   0.0388
   0.0395
   0.0402
   0.0409
   0.0415
   0.0422
   0.0428
   0.0435
   0.0441
   0.0448
   0.0454
   0.0461
   0.0467
   0.0473
   0.0479
   0.0486
   0.0492
   0.0498
   0.0504
   0.0510
   0.0516
   0.0522
   0.0527
   0.0533
   0.0539
   0.0545
   0.0550
   0.0556
   0.0561
   0.0567
   0.0572
   0.0578
   0.0583
   0.0588
   0.0593
   0.0598
   0.0603
   0.0608
   0.0613
   0.0618
   0.0623
   0.0628
   0.0632
   0.0637
   0.0642
   0.0646
   0.0651
   0.0655
   0.0659
   0.0664
   0.0668
   0.0672
   0.0676
   0.0680
   0.0684
   0.0688
   0.0691
   0.0695
   0.0699
   0.0702
   0.0706
   0.0709
   0.0713
   0.0716
   0.0719
   0.0723
   0.0726
   0.0729
   0.0732
   0.0735
   0.0737
   0.0740
   0.0743
   0.0745
   0.0748
   0.0750
   0.0753
   0.0755
   0.0757
   0.0759
   0.0762
   0.0764
   0.0766
   0.0767
   0.0769
   0.0771
   0.0773
   0.0774
   0.0776
   0.0777
   0.0778
   0.0780
   0.0781
   0.0782
   0.0783
   0.0784
   0.0785
   0.0786
   0.0786
   0.0787
   0.0788
   0.0788
   0.0789
   0.0789
   0.0789
   0.0790
   0.0790
   0.0790
   0.0790
   0.0790
   0.0789
   0.0789
   0.0789
   0.0788
   0.0788
   0.0787
   0.0787
   0.0786
   0.0785
   0.0785
   0.0784
   0.0783
   0.0782
   0.0780
   0.0779
   0.0778
   0.0777
   0.0775
   0.0774
   0.0772
   0.0770
   0.0769
   0.0767
   0.0765
   0.0763
   0.0761
   0.0759
   0.0757
   0.0754
   0.0752
   0.0750
   0.0747
   0.0745
   0.0742
   0.0739
   0.0737
   0.0734
   0.0731
   0.0728
   0.0725
   0.0722
   0.0719
   0.0715
   0.0712
   0.0709
   0.0705
   0.0702
   0.0698
   0.0695
   0.0691
   0.0687
   0.0683
   0.0679
   0.0676
   0.0672
   0.0667
   0.0663
   0.0659
   0.0655
   0.0650
   0.0646
   0.0642
   0.0637
   0.0633
   0.0628
   0.0623
   0.0619
   0.0614
   0.0609
   0.0604
   0.0599
   0.0594
   0.0589
   0.0584
   0.0578
   0.0573
   0.0568
   0.0563
   0.0557
   0.0552
   0.0546
   0.0541
   0.0535
   0.0529
   0.0524
   0.0518
   0.0512
   0.0506
   0.0500
   0.0494
   0.0488
   0.0482
   0.0476
   0.0470
   0.0464
   0.0458
   0.0451
   0.0445
   0.0439
   0.0432
   0.0426
   0.0420
   0.0413
   0.0407
   0.0400
   0.0393
   0.0387
   0.0380
   0.0373
   0.0367
   0.0360
   0.0353
   0.0346
   0.0339
   0.0332
   0.0325
   0.0318
   0.0311
   0.0304
   0.0297
   0.0290
   0.0283
   0.0276
   0.0269
   0.0262
   0.0254
   0.0247
   0.0240
   0.0233
   0.0225
   0.0218
   0.0211
   0.0203
   0.0196
   0.0189
   0.0181
   0.0174
   0.0166
   0.0159
   0.0151
   0.0144
   0.0136
   0.0129
   0.0121
   0.0114
   0.0106
   0.0099
   0.0091
   0.0084
   0.0076
   0.0068
   0.0061
   0.0053
   0.0046
   0.0038
   0.0030
   0.0023
   0.0015
   0.0008
,  -3.2843e-003
 -1.0945e-003
 -4.6429e-003
 -6.1878e-003
 -7.7303e-003
 -9.2698e-003
 -1.0806e-002
 -1.2337e-002
 -1.3864e-002
 -1.5386e-002
 -1.6902e-002
 -1.8411e-002
 -1.9913e-002
 -2.1407e-002
 -2.2893e-002
 -2.4370e-002
 -2.5838e-002
 -2.7296e-002
 -2.8743e-002
 -3.0180e-002
 -3.1604e-002
 -3.3016e-002
 -3.4416e-002
 -3.5802e-002
 -3.7175e-002
 -3.8533e-002
 -3.9876e-002
 -4.1204e-002
 -4.2516e-002
 -4.3811e-002
 -4.5090e-002
 -4.6351e-002
 -4.7594e-002
 -4.8819e-002
 -5.0025e-002
 -5.1212e-002
 -5.2379e-002
 -5.3526e-002
 -5.4652e-002
 -5.5757e-002
 -5.6840e-002
 -5.7902e-002
 -5.8941e-002
 -5.9957e-002
 -6.0950e-002
 -6.1920e-002
 -6.2866e-002
 -6.3787e-002
 -6.4684e-002
 -6.5556e-002
 -6.6403e-002
 -6.7224e-002
 -6.8019e-002
 -6.8787e-002
 -6.9530e-002
 -7.0245e-002
 -7.0933e-002
 -7.1594e-002
 -7.2228e-002
 -7.2833e-002
 -7.3410e-002
 -7.3959e-002
 -7.4480e-002
 -7.4971e-002
 -7.5434e-002
 -7.5868e-002
 -7.6272e-002
 -7.6647e-002
 -7.6992e-002
 -7.7308e-002
 -7.7594e-002
 -7.7850e-002
 -7.8076e-002
 -7.8272e-002
 -7.8437e-002
 -7.8572e-002
 -7.8677e-002
 -7.8752e-002
 -7.8796e-002
 -7.8810e-002
 -7.8794e-002
 -7.8747e-002
 -7.8670e-002
 -7.8562e-002
 -7.8424e-002
 -7.8256e-002
 -7.8058e-002
 -7.7830e-002
 -7.7571e-002
 -7.7283e-002
 -7.6965e-002
 -7.6617e-002
 -7.6240e-002
 -7.5833e-002
 -7.5397e-002
 -7.4932e-002
 -7.4439e-002
 -7.3916e-002
 -7.3365e-002
 -7.2786e-002
 -7.2178e-002
 -7.1543e-002
 -7.0881e-002
 -7.0191e-002
 -6.9474e-002
 -6.8730e-002
 -6.7960e-002
 -6.7163e-002
 -6.6341e-002
 -6.5493e-002
 -6.4620e-002
 -6.3722e-002
 -6.2799e-002
 -6.1853e-002
 -6.0882e-002
 -5.9888e-002
 -5.8871e-002
 -5.7832e-002
 -5.6770e-002
 -5.5686e-002
 -5.4581e-002
 -5.3455e-002
 -5.2308e-002
 -5.1141e-002
 -4.9954e-002
 -4.8749e-002
 -4.7524e-002
 -4.6281e-002
 -4.5020e-002
 -4.3742e-002
 -4.2448e-002
 -4.1137e-002
 -3.9810e-002
 -3.8467e-002
 -3.7110e-002
 -3.5739e-002
 -3.4354e-002
 -3.2956e-002
 -3.1545e-002
 -3.0122e-002
 -2.8687e-002
 -2.7241e-002
 -2.5785e-002
 -2.4319e-002
 -2.2844e-002
 -2.1360e-002
 -1.9867e-002
 -1.8367e-002
 -1.6860e-002
 -1.5347e-002
 -1.3827e-002
 -1.2302e-002
 -1.0773e-002
 -9.2392e-003
 -7.7021e-003
 -6.1619e-003
 -4.6195e-003
 -3.0752e-003
 -1.5297e-003
  1.6284e-005
  1.5623e-003
  3.1077e-003
  4.6520e-003
  6.1944e-003
  7.7345e-003
  9.2716e-003
  1.0805e-002
  1.2335e-002
  1.3859e-002
  1.5379e-002
  1.6892e-002
  1.8399e-002
  1.9899e-002
  2.1391e-002
  2.2875e-002
  2.4351e-002
  2.5817e-002
  2.7273e-002
  2.8718e-002
  3.0153e-002
  3.1576e-002
  3.2987e-002
  3.4385e-002
  3.5771e-002
  3.7142e-002
  3.8499e-002
  3.9842e-002
  4.1169e-002
  4.2480e-002
  4.3776e-002
  4.5054e-002
  4.6315e-002
  4.7559e-002
  4.8784e-002
  4.9991e-002
  5.1178e-002
  5.2346e-002
  5.3494e-002
  5.4621e-002
  5.5728e-002
  5.6813e-002
  5.7877e-002
  5.8918e-002
  5.9937e-002
  6.0933e-002
  6.1905e-002
  6.2854e-002
  6.3779e-002
  6.4680e-002
  6.5555e-002
  6.6406e-002
  6.7232e-002
  6.8031e-002
  6.8805e-002
  6.9553e-002
  7.0274e-002
  7.0968e-002
  7.1635e-002
  7.2274e-002
  7.2886e-002
  7.3470e-002
  7.4027e-002
  7.4555e-002
  7.5054e-002
  7.5525e-002
  7.5967e-002
  7.6380e-002
  7.6764e-002
  7.7119e-002
  7.7444e-002
  7.7740e-002
  7.8006e-002
  7.8242e-002
  7.8449e-002
  7.8625e-002
  7.8772e-002
  7.8889e-002
  7.8976e-002
  7.9032e-002
  7.9059e-002
  7.9055e-002
  7.9021e-002
  7.8957e-002
  7.8863e-002
  7.8740e-002
  7.8586e-002
  7.8402e-002
  7.8188e-002
  7.7945e-002
  7.7672e-002
  7.7369e-002
  7.7038e-002
  7.6676e-002
  7.6286e-002
  7.5867e-002
  7.5418e-002
  7.4941e-002
  7.4436e-002
  7.3902e-002
  7.3341e-002
  7.2751e-002
  7.2134e-002
  7.1489e-002
  7.0817e-002
  7.0119e-002
  6.9394e-002
  6.8642e-002
  6.7864e-002
  6.7061e-002
  6.6232e-002
  6.5378e-002
  6.4499e-002
  6.3596e-002
  6.2669e-002
  6.1718e-002
  6.0743e-002
  5.9746e-002
  5.8726e-002
  5.7683e-002
  5.6619e-002
  5.5533e-002
  5.4426e-002
  5.3299e-002
  5.2152e-002
  5.0984e-002
  4.9798e-002
  4.8592e-002
  4.7368e-002
  4.6127e-002
  4.4867e-002
  4.3591e-002
  4.2299e-002
  4.0990e-002
  3.9666e-002
  3.8327e-002
  3.6973e-002
  3.5605e-002
  3.4224e-002
  3.2830e-002
  3.1424e-002
  3.0006e-002
  2.8576e-002
  2.7136e-002
  2.5685e-002
  2.4225e-002
  2.2755e-002
  2.1277e-002
  1.9791e-002
  1.8298e-002
  1.6797e-002
  1.5290e-002
  1.3778e-002
  1.2260e-002
  1.0738e-002
  9.2112e-003
  7.6813e-003
  6.1485e-003
  4.6134e-003
  3.0766e-003
  1.5386e-003
,    0.0049
   0.0016
   0.0070
   0.0093
   0.0116
   0.0138
   0.0161
   0.0184
   0.0206
   0.0229
   0.0251
   0.0273
   0.0294
   0.0316
   0.0337
   0.0358
   0.0378
   0.0398
   0.0418
   0.0438
   0.0457
   0.0475
   0.0494
   0.0512
   0.0529
   0.0546
   0.0563
   0.0579
   0.0594
   0.0609
   0.0624
   0.0637
   0.0651
   0.0664
   0.0676
   0.0688
   0.0699
   0.0709
   0.0719
   0.0728
   0.0737
   0.0745
   0.0752
   0.0759
   0.0765
   0.0770
   0.0775
   0.0779
   0.0782
   0.0785
   0.0787
   0.0788
   0.0789
   0.0789
   0.0788
   0.0786
   0.0784
   0.0781
   0.0778
   0.0774
   0.0769
   0.0764
   0.0757
   0.0751
   0.0743
   0.0735
   0.0726
   0.0717
   0.0707
   0.0697
   0.0685
   0.0674
   0.0661
   0.0648
   0.0635
   0.0621
   0.0606
   0.0591
   0.0576
   0.0560
   0.0543
   0.0526
   0.0508
   0.0490
   0.0472
   0.0453
   0.0434
   0.0415
   0.0395
   0.0374
   0.0354
   0.0333
   0.0312
   0.0290
   0.0269
   0.0247
   0.0225
   0.0202
   0.0180
   0.0157
   0.0134
   0.0111
   0.0088
   0.0065
   0.0042
   0.0019
  -0.0004
  -0.0027
  -0.0051
  -0.0074
  -0.0097
  -0.0120
  -0.0143
  -0.0165
  -0.0188
  -0.0210
  -0.0233
  -0.0255
  -0.0276
  -0.0298
  -0.0319
  -0.0340
  -0.0361
  -0.0382
  -0.0402
  -0.0422
  -0.0441
  -0.0460
  -0.0479
  -0.0497
  -0.0515
  -0.0532
  -0.0549
  -0.0565
  -0.0581
  -0.0597
  -0.0612
  -0.0626
  -0.0640
  -0.0653
  -0.0666
  -0.0678
  -0.0690
  -0.0701
  -0.0711
  -0.0721
  -0.0730
  -0.0738
  -0.0746
  -0.0753
  -0.0760
  -0.0766
  -0.0771
  -0.0776
  -0.0780
  -0.0783
  -0.0786
  -0.0787
  -0.0789
  -0.0789
  -0.0789
  -0.0788
  -0.0787
  -0.0784
  -0.0782
  -0.0778
  -0.0774
  -0.0769
  -0.0763
  -0.0757
  -0.0750
  -0.0743
  -0.0735
  -0.0726
  -0.0717
  -0.0707
  -0.0696
  -0.0685
  -0.0673
  -0.0661
  -0.0648
  -0.0634
  -0.0620
  -0.0605
  -0.0590
  -0.0575
  -0.0558
  -0.0542
  -0.0525
  -0.0507
  -0.0489
  -0.0471
  -0.0452
  -0.0433
  -0.0413
  -0.0393
  -0.0373
  -0.0353
  -0.0332
  -0.0311
  -0.0289
  -0.0267
  -0.0246
  -0.0223
  -0.0201
  -0.0179
  -0.0156
  -0.0133
  -0.0110
  -0.0087
  -0.0064
  -0.0041
  -0.0018
   0.0005
   0.0028
   0.0052
   0.0075
   0.0098
   0.0121
   0.0143
   0.0166
   0.0189
   0.0211
   0.0233
   0.0255
   0.0277
   0.0299
   0.0320
   0.0341
   0.0362
   0.0382
   0.0402
   0.0422
   0.0442
   0.0461
   0.0479
   0.0497
   0.0515
   0.0533
   0.0549
   0.0566
   0.0582
   0.0597
   0.0612
   0.0626
   0.0640
   0.0654
   0.0666
   0.0679
   0.0690
   0.0701
   0.0711
   0.0721
   0.0730
   0.0739
   0.0747
   0.0754
   0.0761
   0.0767
   0.0772
   0.0776
   0.0780
   0.0784
   0.0786
   0.0788
   0.0790
   0.0790
   0.0790
   0.0789
   0.0788
   0.0786
   0.0783
   0.0779
   0.0775
   0.0770
   0.0765
   0.0759
   0.0752
   0.0745
   0.0737
   0.0728
   0.0719
   0.0709
   0.0698
   0.0687
   0.0675
   0.0663
   0.0650
   0.0637
   0.0623
   0.0608
   0.0593
   0.0578
   0.0562
   0.0545
   0.0528
   0.0511
   0.0493
   0.0474
   0.0456
   0.0437
   0.0417
   0.0397
   0.0377
   0.0357
   0.0336
   0.0315
   0.0294
   0.0272
   0.0250
   0.0228
   0.0206
   0.0183
   0.0161
   0.0138
   0.0115
   0.0092
   0.0069
   0.0046
   0.0023
, 