   0.0020
   0.0007
   0.0029
   0.0038
   0.0048
   0.0057
   0.0067
   0.0076
   0.0086
   0.0095
   0.0105
   0.0114
   0.0124
   0.0133
   0.0142
   0.0152
   0.0161
   0.0170
   0.0180
   0.0189
   0.0198
   0.0208
   0.0217
   0.0226
   0.0235
   0.0244
   0.0253
   0.0263
   0.0272
   0.0281
   0.0290
   0.0299
   0.0307
   0.0316
   0.0325
   0.0334
   0.0343
   0.0351
   0.0360
   0.0369
   0.0377
   0.0386
   0.0394
   0.0402
   0.0411
   0.0419
   0.0427
   0.0436
   0.0444
   0.0452
   0.0460
   0.0468
   0.0476
   0.0483
   0.0491
   0.0499
   0.0507
   0.0514
   0.0522
   0.0529
   0.0536
   0.0544
   0.0551
   0.0558
   0.0565
   0.0572
   0.0579
   0.0586
   0.0593
   0.0600
   0.0606
   0.0613
   0.0619
   0.0626
   0.0632
   0.0639
   0.0645
   0.0651
   0.0657
   0.0663
   0.0669
   0.0674
   0.0680
   0.0686
   0.0691
   0.0697
   0.0702
   0.0707
   0.0712
   0.0717
   0.0722
   0.0727
   0.0732
   0.0737
   0.0741
   0.0746
   0.0750
   0.0754
   0.0759
   0.0763
   0.0767
   0.0771
   0.0774
   0.0778
   0.0782
   0.0785
   0.0789
   0.0792
   0.0795
   0.0798
   0.0801
   0.0804
   0.0807
   0.0810
   0.0813
   0.0815
   0.0817
   0.0820
   0.0822
   0.0824
   0.0826
   0.0828
   0.0830
   0.0831
   0.0833
   0.0835
   0.0836
   0.0837
   0.0838
   0.0839
   0.0840
   0.0841
   0.0842
   0.0843
   0.0843
   0.0843
   0.0844
   0.0844
   0.0844
   0.0844
   0.0844
   0.0844
   0.0843
   0.0843
   0.0842
   0.0842
   0.0841
   0.0840
   0.0839
   0.0838
   0.0837
   0.0836
   0.0834
   0.0833
   0.0831
   0.0830
   0.0828
   0.0826
   0.0824
   0.0822
   0.0820
   0.0817
   0.0815
   0.0812
   0.0810
   0.0807
   0.0804
   0.0801
   0.0798
   0.0795
   0.0792
   0.0789
   0.0785
   0.0782
   0.0778
   0.0775
   0.0771
   0.0767
   0.0763
   0.0759
   0.0755
   0.0750
   0.0746
   0.0742
   0.0737
   0.0733
   0.0728
   0.0723
   0.0718
   0.0713
   0.0708
   0.0703
   0.0698
   0.0692
   0.0687
   0.0681
   0.0676
   0.0670
   0.0664
   0.0659
   0.0653
   0.0647
   0.0641
   0.0635
   0.0628
   0.0622
   0.0616
   0.0609
   0.0603
   0.0596
   0.0589
   0.0583
   0.0576
   0.0569
   0.0562
   0.0555
   0.0548
   0.0541
   0.0534
   0.0526
   0.0519
   0.0512
   0.0504
   0.0497
   0.0489
   0.0481
   0.0474
   0.0466
   0.0458
   0.0450
   0.0442
   0.0434
   0.0426
   0.0418
   0.0410
   0.0402
   0.0394
   0.0385
   0.0377
   0.0369
   0.0360
   0.0352
   0.0343
   0.0335
   0.0326
   0.0318
   0.0309
   0.0300
   0.0292
   0.0283
   0.0274
   0.0265
   0.0256
   0.0247
   0.0239
   0.0230
   0.0221
   0.0212
   0.0203
   0.0194
   0.0184
   0.0175
   0.0166
   0.0157
   0.0148
   0.0139
   0.0130
   0.0120
   0.0111
   0.0102
   0.0093
   0.0084
   0.0074
   0.0065
   0.0056
   0.0046
   0.0037
   0.0028
   0.0019
   0.0009
,  -4.0098e-003
 -1.3361e-003
 -5.6678e-003
 -7.5526e-003
 -9.4337e-003
 -1.1310e-002
 -1.3180e-002
 -1.5044e-002
 -1.6901e-002
 -1.8749e-002
 -2.0587e-002
 -2.2415e-002
 -2.4232e-002
 -2.6036e-002
 -2.7827e-002
 -2.9605e-002
 -3.1367e-002
 -3.3114e-002
 -3.4844e-002
 -3.6556e-002
 -3.8250e-002
 -3.9925e-002
 -4.1579e-002
 -4.3213e-002
 -4.4825e-002
 -4.6414e-002
 -4.7980e-002
 -4.9521e-002
 -5.1038e-002
 -5.2529e-002
 -5.3993e-002
 -5.5431e-002
 -5.6840e-002
 -5.8221e-002
 -5.9572e-002
 -6.0894e-002
 -6.2184e-002
 -6.3444e-002
 -6.4671e-002
 -6.5866e-002
 -6.7028e-002
 -6.8156e-002
 -6.9249e-002
 -7.0308e-002
 -7.1331e-002
 -7.2318e-002
 -7.3269e-002
 -7.4183e-002
 -7.5060e-002
 -7.5899e-002
 -7.6699e-002
 -7.7461e-002
 -7.8184e-002
 -7.8868e-002
 -7.9512e-002
 -8.0115e-002
 -8.0679e-002
 -8.1202e-002
 -8.1684e-002
 -8.2125e-002
 -8.2524e-002
 -8.2882e-002
 -8.3198e-002
 -8.3473e-002
 -8.3705e-002
 -8.3895e-002
 -8.4043e-002
 -8.4149e-002
 -8.4212e-002
 -8.4233e-002
 -8.4212e-002
 -8.4148e-002
 -8.4042e-002
 -8.3893e-002
 -8.3702e-002
 -8.3470e-002
 -8.3195e-002
 -8.2878e-002
 -8.2520e-002
 -8.2120e-002
 -8.1679e-002
 -8.1197e-002
 -8.0673e-002
 -8.0110e-002
 -7.9506e-002
 -7.8862e-002
 -7.8178e-002
 -7.7456e-002
 -7.6694e-002
 -7.5893e-002
 -7.5055e-002
 -7.4178e-002
 -7.3265e-002
 -7.2314e-002
 -7.1328e-002
 -7.0305e-002
 -6.9247e-002
 -6.8155e-002
 -6.7028e-002
 -6.5867e-002
 -6.4673e-002
 -6.3447e-002
 -6.2189e-002
 -6.0899e-002
 -5.9580e-002
 -5.8230e-002
 -5.6851e-002
 -5.5443e-002
 -5.4007e-002
 -5.2545e-002
 -5.1056e-002
 -4.9541e-002
 -4.8002e-002
 -4.6438e-002
 -4.4851e-002
 -4.3242e-002
 -4.1611e-002
 -3.9959e-002
 -3.8287e-002
 -3.6595e-002
 -3.4886e-002
 -3.3159e-002
 -3.1415e-002
 -2.9655e-002
 -2.7881e-002
 -2.6092e-002
 -2.4291e-002
 -2.2477e-002
 -2.0652e-002
 -1.8817e-002
 -1.6972e-002
 -1.5119e-002
 -1.3258e-002
 -1.1391e-002
 -9.5179e-003
 -7.6399e-003
 -5.7582e-003
 -3.8736e-003
 -1.9870e-003
 -9.9450e-005
  1.7882e-003
  3.6749e-003
  5.5598e-003
  7.4418e-003
  9.3202e-003
  1.1194e-002
  1.3062e-002
  1.4924e-002
  1.6778e-002
  1.8623e-002
  2.0460e-002
  2.2286e-002
  2.4101e-002
  2.5904e-002
  2.7694e-002
  2.9470e-002
  3.1231e-002
  3.2977e-002
  3.4706e-002
  3.6418e-002
  3.8112e-002
  3.9787e-002
  4.1441e-002
  4.3075e-002
  4.4688e-002
  4.6278e-002
  4.7845e-002
  4.9388e-002
  5.0907e-002
  5.2400e-002
  5.3867e-002
  5.5307e-002
  5.6719e-002
  5.8104e-002
  5.9459e-002
  6.0784e-002
  6.2079e-002
  6.3343e-002
  6.4576e-002
  6.5776e-002
  6.6944e-002
  6.8078e-002
  6.9178e-002
  7.0243e-002
  7.1274e-002
  7.2269e-002
  7.3228e-002
  7.4151e-002
  7.5036e-002
  7.5885e-002
  7.6695e-002
  7.7467e-002
  7.8201e-002
  7.8896e-002
  7.9551e-002
  8.0167e-002
  8.0743e-002
  8.1278e-002
  8.1774e-002
  8.2228e-002
  8.2642e-002
  8.3014e-002
  8.3346e-002
  8.3635e-002
  8.3883e-002
  8.4090e-002
  8.4255e-002
  8.4377e-002
  8.4458e-002
  8.4497e-002
  8.4494e-002
  8.4449e-002
  8.4362e-002
  8.4233e-002
  8.4062e-002
  8.3849e-002
  8.3595e-002
  8.3299e-002
  8.2962e-002
  8.2584e-002
  8.2165e-002
  8.1705e-002
  8.1204e-002
  8.0664e-002
  8.0083e-002
  7.9462e-002
  7.8802e-002
  7.8104e-002
  7.7366e-002
  7.6590e-002
  7.5776e-002
  7.4924e-002
  7.4036e-002
  7.3111e-002
  7.2149e-002
  7.1152e-002
  7.0119e-002
  6.9052e-002
  6.7951e-002
  6.6816e-002
  6.5648e-002
  6.4448e-002
  6.3215e-002
  6.1952e-002
  6.0657e-002
  5.9333e-002
  5.7980e-002
  5.6598e-002
  5.5187e-002
  5.3750e-002
  5.2286e-002
  5.0796e-002
  4.9281e-002
  4.7742e-002
  4.6179e-002
  4.4594e-002
  4.2986e-002
  4.1357e-002
  3.9708e-002
  3.8040e-002
  3.6352e-002
  3.4647e-002
  3.2924e-002
  3.1185e-002
  2.9431e-002
  2.7663e-002
  2.5880e-002
  2.4085e-002
  2.2278e-002
  2.0461e-002
  1.8633e-002
  1.6796e-002
  1.4950e-002
  1.3098e-002
  1.1239e-002
  9.3740e-003
  7.5047e-003
  5.6318e-003
  3.7560e-003
  1.8785e-003
,    0.0060
   0.0020
   0.0085
   0.0113
   0.0141
   0.0169
   0.0196
   0.0224
   0.0251
   0.0278
   0.0305
   0.0331
   0.0357
   0.0382
   0.0407
   0.0432
   0.0456
   0.0479
   0.0502
   0.0525
   0.0547
   0.0568
   0.0589
   0.0608
   0.0628
   0.0646
   0.0664
   0.0681
   0.0697
   0.0713
   0.0728
   0.0742
   0.0755
   0.0767
   0.0778
   0.0789
   0.0798
   0.0807
   0.0815
   0.0821
   0.0827
   0.0832
   0.0836
   0.0839
   0.0841
   0.0843
   0.0843
   0.0842
   0.0841
   0.0838
   0.0834
   0.0830
   0.0824
   0.0818
   0.0811
   0.0803
   0.0793
   0.0783
   0.0773
   0.0761
   0.0748
   0.0735
   0.0720
   0.0705
   0.0689
   0.0673
   0.0655
   0.0637
   0.0618
   0.0599
   0.0578
   0.0557
   0.0536
   0.0514
   0.0491
   0.0468
   0.0444
   0.0420
   0.0395
   0.0370
   0.0344
   0.0318
   0.0291
   0.0265
   0.0238
   0.0210
   0.0183
   0.0155
   0.0127
   0.0099
   0.0071
   0.0043
   0.0014
  -0.0014
  -0.0042
  -0.0070
  -0.0099
  -0.0127
  -0.0155
  -0.0182
  -0.0210
  -0.0237
  -0.0264
  -0.0291
  -0.0317
  -0.0343
  -0.0369
  -0.0394
  -0.0419
  -0.0443
  -0.0467
  -0.0491
  -0.0513
  -0.0535
  -0.0557
  -0.0578
  -0.0598
  -0.0618
  -0.0637
  -0.0655
  -0.0672
  -0.0689
  -0.0705
  -0.0720
  -0.0735
  -0.0748
  -0.0761
  -0.0773
  -0.0783
  -0.0793
  -0.0803
  -0.0811
  -0.0818
  -0.0825
  -0.0830
  -0.0835
  -0.0838
  -0.0841
  -0.0843
  -0.0843
  -0.0843
  -0.0842
  -0.0840
  -0.0837
  -0.0833
  -0.0828
  -0.0822
  -0.0816
  -0.0808
  -0.0799
  -0.0790
  -0.0779
  -0.0768
  -0.0756
  -0.0743
  -0.0729
  -0.0715
  -0.0699
  -0.0683
  -0.0666
  -0.0648
  -0.0630
  -0.0611
  -0.0591
  -0.0570
  -0.0549
  -0.0527
  -0.0505
  -0.0482
  -0.0459
  -0.0435
  -0.0410
  -0.0385
  -0.0360
  -0.0334
  -0.0308
  -0.0281
  -0.0254
  -0.0227
  -0.0200
  -0.0172
  -0.0145
  -0.0117
  -0.0089
  -0.0060
  -0.0032
  -0.0004
   0.0024
   0.0053
   0.0081
   0.0109
   0.0137
   0.0165
   0.0192
   0.0220
   0.0247
   0.0274
   0.0301
   0.0327
   0.0353
   0.0378
   0.0403
   0.0428
   0.0452
   0.0476
   0.0499
   0.0521
   0.0543
   0.0565
   0.0585
   0.0605
   0.0625
   0.0643
   0.0661
   0.0679
   0.0695
   0.0711
   0.0726
   0.0740
   0.0753
   0.0765
   0.0777
   0.0787
   0.0797
   0.0806
   0.0814
   0.0821
   0.0827
   0.0833
   0.0837
   0.0840
   0.0843
   0.0844
   0.0845
   0.0844
   0.0843
   0.0840
   0.0837
   0.0833
   0.0828
   0.0822
   0.0815
   0.0807
   0.0798
   0.0788
   0.0778
   0.0766
   0.0754
   0.0741
   0.0727
   0.0712
   0.0697
   0.0680
   0.0663
   0.0645
   0.0627
   0.0607
   0.0587
   0.0567
   0.0546
   0.0524
   0.0501
   0.0478
   0.0455
   0.0431
   0.0406
   0.0381
   0.0356
   0.0330
   0.0304
   0.0277
   0.0250
   0.0223
   0.0196
   0.0168
   0.0141
   0.0113
   0.0085
   0.0056
   0.0028
, 