   4.4334e-03
   1.4774e-03
   6.2669e-03
   8.3514e-03
   1.0432e-02
   1.2508e-02
   1.4578e-02
   1.6641e-02
   1.8696e-02
   2.0743e-02
   2.2780e-02
   2.4807e-02
   2.6822e-02
   2.8825e-02
   3.0815e-02
   3.2790e-02
   3.4751e-02
   3.6695e-02
   3.8623e-02
   4.0533e-02
   4.2425e-02
   4.4297e-02
   4.6149e-02
   4.7980e-02
   4.9790e-02
   5.1577e-02
   5.3342e-02
   5.5082e-02
   5.6797e-02
   5.8488e-02
   6.0152e-02
   6.1790e-02
   6.3400e-02
   6.4983e-02
   6.6537e-02
   6.8063e-02
   6.9558e-02
   7.1024e-02
   7.2459e-02
   7.3863e-02
   7.5235e-02
   7.6575e-02
   7.7883e-02
   7.9158e-02
   8.0400e-02
   8.1608e-02
   8.2783e-02
   8.3923e-02
   8.5029e-02
   8.6100e-02
   8.7136e-02
   8.8138e-02
   8.9103e-02
   9.0034e-02
   9.0928e-02
   9.1787e-02
   9.2610e-02
   9.3397e-02
   9.4148e-02
   9.4864e-02
   9.5543e-02
   9.6186e-02
   9.6793e-02
   9.7365e-02
   9.7901e-02
   9.8401e-02
   9.8865e-02
   9.9294e-02
   9.9688e-02
   1.0005e-01
   1.0037e-01
   1.0066e-01
   1.0092e-01
   1.0114e-01
   1.0132e-01
   1.0148e-01
   1.0160e-01
   1.0168e-01
   1.0174e-01
   1.0176e-01
   1.0175e-01
   1.0171e-01
   1.0164e-01
   1.0154e-01
   1.0141e-01
   1.0125e-01
   1.0106e-01
   1.0084e-01
   1.0059e-01
   1.0032e-01
   1.0001e-01
   9.9685e-02
   9.9330e-02
   9.8950e-02
   9.8544e-02
   9.8114e-02
   9.7660e-02
   9.7182e-02
   9.6682e-02
   9.6160e-02
   9.5616e-02
   9.5050e-02
   9.4465e-02
   9.3859e-02
   9.3234e-02
   9.2591e-02
   9.1929e-02
   9.1250e-02
   9.0555e-02
   8.9842e-02
   8.9115e-02
   8.8372e-02
   8.7614e-02
   8.6843e-02
   8.6059e-02
   8.5262e-02
   8.4453e-02
   8.3632e-02
   8.2801e-02
   8.1959e-02
   8.1107e-02
   8.0247e-02
   7.9377e-02
   7.8500e-02
   7.7615e-02
   7.6724e-02
   7.5826e-02
   7.4922e-02
   7.4013e-02
   7.3099e-02
   7.2181e-02
   7.1259e-02
   7.0334e-02
   6.9406e-02
   6.8476e-02
   6.7544e-02
   6.6611e-02
   6.5677e-02
   6.4743e-02
   6.3808e-02
   6.2875e-02
   6.1942e-02
   6.1010e-02
   6.0080e-02
   5.9152e-02
   5.8227e-02
   5.7304e-02
   5.6385e-02
   5.5469e-02
   5.4557e-02
   5.3649e-02
   5.2746e-02
   5.1848e-02
   5.0955e-02
   5.0067e-02
   4.9185e-02
   4.8310e-02
   4.7440e-02
   4.6577e-02
   4.5721e-02
   4.4871e-02
   4.4029e-02
   4.3195e-02
   4.2368e-02
   4.1548e-02
   4.0737e-02
   3.9934e-02
   3.9139e-02
   3.8353e-02
   3.7575e-02
   3.6806e-02
   3.6046e-02
   3.5295e-02
   3.4553e-02
   3.3820e-02
   3.3097e-02
   3.2383e-02
   3.1678e-02
   3.0983e-02
   3.0297e-02
   2.9622e-02
   2.8955e-02
   2.8299e-02
   2.7652e-02
   2.7015e-02
   2.6388e-02
   2.5770e-02
   2.5163e-02
   2.4565e-02
   2.3977e-02
   2.3399e-02
   2.2830e-02
   2.2271e-02
   2.1722e-02
   2.1183e-02
   2.0653e-02
   2.0133e-02
   1.9622e-02
   1.9121e-02
   1.8629e-02
   1.8147e-02
   1.7674e-02
   1.7210e-02
   1.6755e-02
   1.6310e-02
   1.5873e-02
   1.5445e-02
   1.5026e-02
   1.4616e-02
   1.4215e-02
   1.3822e-02
   1.3437e-02
   1.3061e-02
   1.2693e-02
   1.2334e-02
   1.1982e-02
   1.1638e-02
   1.1303e-02
   1.0975e-02
   1.0654e-02
   1.0341e-02
   1.0036e-02
   9.7375e-03
   9.4466e-03
   9.1627e-03
   8.8857e-03
   8.6157e-03
   8.3523e-03
   8.0956e-03
   7.8454e-03
   7.6016e-03
   7.3641e-03
   7.1328e-03
   6.9076e-03
   6.6882e-03
   6.4748e-03
   6.2670e-03
   6.0649e-03
   5.8682e-03
   5.6770e-03
   5.4910e-03
   5.3102e-03
   5.1345e-03
   4.9637e-03
   4.7977e-03
   4.6366e-03
   4.4800e-03
   4.3280e-03
   4.1805e-03
   4.0372e-03
   3.8982e-03
   3.7634e-03
   3.6326e-03
   3.5057e-03
   3.3827e-03
   3.2634e-03
   3.1478e-03
   3.0358e-03
   2.9272e-03
   2.8221e-03
   2.7203e-03
   2.6217e-03
   2.5262e-03
   2.4338e-03
   2.3444e-03
   2.2579e-03
   2.1742e-03
   2.0932e-03
   2.0150e-03
   1.9393e-03
   1.8661e-03
   1.7954e-03
   1.7271e-03
   1.6611e-03
   1.5974e-03
   1.5358e-03
   1.4764e-03
   1.4190e-03
   1.3636e-03
   1.3102e-03
   1.2586e-03
   1.2089e-03
   1.1609e-03
   1.1147e-03
   1.0701e-03
   1.0271e-03
   9.8571e-04
   9.4581e-04
   9.0736e-04
   8.7034e-04
   8.3468e-04
   8.0035e-04
   7.6731e-04
   7.3550e-04
   7.0490e-04
   6.7545e-04
   6.4713e-04
   6.1989e-04
   5.9369e-04
   5.6851e-04
   5.4431e-04
   5.2105e-04
   4.9870e-04
   4.7722e-04
   4.5660e-04
   4.3679e-04
   4.1778e-04
   3.9952e-04
   3.8200e-04
   3.6519e-04
   3.4906e-04
   3.3358e-04
   3.1874e-04
   3.0450e-04
   2.9086e-04
   2.7778e-04
   2.6524e-04
   2.5322e-04
   2.4171e-04
   2.3069e-04
   2.2013e-04
   2.1002e-04
   2.0034e-04
   1.9107e-04
   1.8220e-04
   1.7371e-04
   1.6559e-04
   1.5783e-04
   1.5040e-04
   1.4330e-04
   1.3651e-04
   1.3002e-04
   1.2381e-04
   1.1789e-04
   1.1222e-04
   1.0681e-04
   1.0165e-04
   9.6712e-05
   9.2001e-05
   8.7505e-05
   8.3213e-05
   7.9117e-05
   7.5210e-05
   7.1482e-05
   6.7926e-05
   6.4535e-05
   6.1302e-05
   5.8219e-05
   5.5280e-05
   5.2479e-05
   4.9810e-05
   4.7267e-05
   4.4844e-05
   4.2536e-05
   4.0337e-05
   3.8243e-05
   3.6249e-05
   3.4350e-05
   3.2542e-05
   3.0821e-05
   2.9183e-05
   2.7623e-05
   2.6139e-05
   2.4726e-05
   2.3381e-05
   2.2100e-05
   2.0882e-05
   1.9722e-05
   1.8617e-05
   1.7566e-05
   1.6565e-05
   1.5611e-05
   1.4703e-05
   1.3837e-05
   1.3012e-05
   1.2226e-05
   1.1476e-05
   1.0760e-05
   1.0076e-05
   9.4232e-06
   8.7988e-06
   8.2013e-06
   7.6290e-06
   7.0804e-06
   6.5539e-06
   6.0479e-06
   5.5610e-06
   5.0917e-06
   4.6387e-06
   4.2006e-06
   3.7760e-06
   3.3638e-06
   2.9625e-06
   2.5709e-06
   2.1879e-06
   1.8121e-06
   1.4424e-06
   1.0775e-06
   7.1633e-07
   3.5755e-07
,    5.4358e-03
   1.8106e-03
   7.6790e-03
   1.0226e-02
   1.2761e-02
   1.5283e-02
   1.7788e-02
   2.0274e-02
   2.2738e-02
   2.5177e-02
   2.7588e-02
   2.9970e-02
   3.2320e-02
   3.4634e-02
   3.6911e-02
   3.9148e-02
   4.1342e-02
   4.3492e-02
   4.5595e-02
   4.7648e-02
   4.9651e-02
   5.1599e-02
   5.3493e-02
   5.5328e-02
   5.7105e-02
   5.8820e-02
   6.0472e-02
   6.2059e-02
   6.3580e-02
   6.5033e-02
   6.6416e-02
   6.7729e-02
   6.8970e-02
   7.0138e-02
   7.1231e-02
   7.2248e-02
   7.3190e-02
   7.4054e-02
   7.4840e-02
   7.5547e-02
   7.6175e-02
   7.6724e-02
   7.7192e-02
   7.7579e-02
   7.7885e-02
   7.8111e-02
   7.8255e-02
   7.8319e-02
   7.8301e-02
   7.8203e-02
   7.8025e-02
   7.7766e-02
   7.7428e-02
   7.7010e-02
   7.6514e-02
   7.5941e-02
   7.5290e-02
   7.4564e-02
   7.3762e-02
   7.2886e-02
   7.1937e-02
   7.0917e-02
   6.9825e-02
   6.8665e-02
   6.7436e-02
   6.6140e-02
   6.4780e-02
   6.3356e-02
   6.1870e-02
   6.0324e-02
   5.8719e-02
   5.7058e-02
   5.5341e-02
   5.3572e-02
   5.1751e-02
   4.9880e-02
   4.7963e-02
   4.6000e-02
   4.3993e-02
   4.1945e-02
   3.9859e-02
   3.7735e-02
   3.5576e-02
   3.3384e-02
   3.1161e-02
   2.8910e-02
   2.6633e-02
   2.4331e-02
   2.2008e-02
   1.9665e-02
   1.7304e-02
   1.4928e-02
   1.2538e-02
   1.0138e-02
   7.7288e-03
   5.3128e-03
   2.8921e-03
   4.6900e-04
  -1.9545e-03
  -4.3764e-03
  -6.7945e-03
  -9.2070e-03
  -1.1612e-02
  -1.4007e-02
  -1.6390e-02
  -1.8760e-02
  -2.1115e-02
  -2.3452e-02
  -2.5771e-02
  -2.8068e-02
  -3.0344e-02
  -3.2595e-02
  -3.4821e-02
  -3.7020e-02
  -3.9190e-02
  -4.1329e-02
  -4.3438e-02
  -4.5513e-02
  -4.7554e-02
  -4.9559e-02
  -5.1528e-02
  -5.3458e-02
  -5.5350e-02
  -5.7202e-02
  -5.9012e-02
  -6.0781e-02
  -6.2507e-02
  -6.4189e-02
  -6.5826e-02
  -6.7419e-02
  -6.8965e-02
  -7.0465e-02
  -7.1918e-02
  -7.3323e-02
  -7.4680e-02
  -7.5989e-02
  -7.7249e-02
  -7.8459e-02
  -7.9621e-02
  -8.0733e-02
  -8.1795e-02
  -8.2807e-02
  -8.3770e-02
  -8.4683e-02
  -8.5546e-02
  -8.6359e-02
  -8.7123e-02
  -8.7837e-02
  -8.8503e-02
  -8.9119e-02
  -8.9687e-02
  -9.0206e-02
  -9.0678e-02
  -9.1102e-02
  -9.1479e-02
  -9.1810e-02
  -9.2095e-02
  -9.2335e-02
  -9.2529e-02
  -9.2680e-02
  -9.2787e-02
  -9.2851e-02
  -9.2872e-02
  -9.2853e-02
  -9.2792e-02
  -9.2692e-02
  -9.2553e-02
  -9.2375e-02
  -9.2160e-02
  -9.1908e-02
  -9.1620e-02
  -9.1297e-02
  -9.0940e-02
  -9.0550e-02
  -9.0128e-02
  -8.9674e-02
  -8.9190e-02
  -8.8676e-02
  -8.8134e-02
  -8.7564e-02
  -8.6968e-02
  -8.6345e-02
  -8.5698e-02
  -8.5027e-02
  -8.4333e-02
  -8.3618e-02
  -8.2881e-02
  -8.2124e-02
  -8.1348e-02
  -8.0553e-02
  -7.9741e-02
  -7.8913e-02
  -7.8070e-02
  -7.7211e-02
  -7.6340e-02
  -7.5455e-02
  -7.4558e-02
  -7.3650e-02
  -7.2732e-02
  -7.1804e-02
  -7.0868e-02
  -6.9924e-02
  -6.8973e-02
  -6.8015e-02
  -6.7052e-02
  -6.6085e-02
  -6.5113e-02
  -6.4138e-02
  -6.3160e-02
  -6.2180e-02
  -6.1199e-02
  -6.0218e-02
  -5.9236e-02
  -5.8255e-02
  -5.7275e-02
  -5.6297e-02
  -5.5322e-02
  -5.4349e-02
  -5.3379e-02
  -5.2414e-02
  -5.1453e-02
  -5.0497e-02
  -4.9546e-02
  -4.8600e-02
  -4.7661e-02
  -4.6729e-02
  -4.5803e-02
  -4.4885e-02
  -4.3975e-02
  -4.3072e-02
  -4.2178e-02
  -4.1292e-02
  -4.0416e-02
  -3.9548e-02
  -3.8690e-02
  -3.7842e-02
  -3.7003e-02
  -3.6175e-02
  -3.5357e-02
  -3.4549e-02
  -3.3752e-02
  -3.2966e-02
  -3.2190e-02
  -3.1426e-02
  -3.0673e-02
  -2.9931e-02
  -2.9200e-02
  -2.8481e-02
  -2.7773e-02
  -2.7077e-02
  -2.6392e-02
  -2.5719e-02
  -2.5057e-02
  -2.4407e-02
  -2.3769e-02
  -2.3142e-02
  -2.2527e-02
  -2.1923e-02
  -2.1331e-02
  -2.0751e-02
  -2.0182e-02
  -1.9624e-02
  -1.9077e-02
  -1.8542e-02
  -1.8018e-02
  -1.7505e-02
  -1.7003e-02
  -1.6511e-02
  -1.6031e-02
  -1.5561e-02
  -1.5102e-02
  -1.4653e-02
  -1.4215e-02
  -1.3787e-02
  -1.3369e-02
  -1.2961e-02
  -1.2563e-02
  -1.2174e-02
  -1.1795e-02
  -1.1426e-02
  -1.1066e-02
  -1.0714e-02
  -1.0372e-02
  -1.0039e-02
  -9.7147e-03
  -9.3988e-03
  -9.0913e-03
  -8.7921e-03
  -8.5010e-03
  -8.2179e-03
  -7.9426e-03
  -7.6750e-03
  -7.4149e-03
  -7.1622e-03
  -6.9167e-03
  -6.6782e-03
  -6.4467e-03
  -6.2220e-03
  -6.0039e-03
  -5.7923e-03
  -5.5871e-03
  -5.3881e-03
  -5.1951e-03
  -5.0080e-03
  -4.8267e-03
  -4.6511e-03
  -4.4810e-03
  -4.3162e-03
  -4.1567e-03
  -4.0023e-03
  -3.8529e-03
  -3.7083e-03
  -3.5684e-03
  -3.4332e-03
  -3.3024e-03
  -3.1760e-03
  -3.0538e-03
  -2.9358e-03
  -2.8217e-03
  -2.7116e-03
  -2.6052e-03
  -2.5026e-03
  -2.4035e-03
  -2.3078e-03
  -2.2156e-03
  -2.1266e-03
  -2.0408e-03
  -1.9580e-03
  -1.8783e-03
  -1.8014e-03
  -1.7274e-03
  -1.6560e-03
  -1.5873e-03
  -1.5211e-03
  -1.4574e-03
  -1.3961e-03
  -1.3371e-03
  -1.2803e-03
  -1.2257e-03
  -1.1732e-03
  -1.1226e-03
  -1.0741e-03
  -1.0274e-03
  -9.8249e-04
  -9.3937e-04
  -8.9794e-04
  -8.5815e-04
  -8.1993e-04
  -7.8323e-04
  -7.4799e-04
  -7.1417e-04
  -6.8170e-04
  -6.5054e-04
  -6.2065e-04
  -5.9197e-04
  -5.6445e-04
  -5.3806e-04
  -5.1275e-04
  -4.8847e-04
  -4.6520e-04
  -4.4288e-04
  -4.2148e-04
  -4.0096e-04
  -3.8129e-04
  -3.6244e-04
  -3.4436e-04
  -3.2703e-04
  -3.1041e-04
  -2.9447e-04
  -2.7919e-04
  -2.6453e-04
  -2.5047e-04
  -2.3698e-04
  -2.2403e-04
  -2.1160e-04
  -1.9966e-04
  -1.8819e-04
  -1.7717e-04
  -1.6656e-04
  -1.5636e-04
  -1.4654e-04
  -1.3707e-04
  -1.2794e-04
  -1.1912e-04
  -1.1061e-04
  -1.0237e-04
  -9.4390e-05
  -8.6651e-05
  -7.9134e-05
  -7.1823e-05
  -6.4699e-05
  -5.7745e-05
  -5.0943e-05
  -4.4277e-05
  -3.7730e-05
  -3.1285e-05
  -2.4925e-05
  -1.8634e-05
  -1.2394e-05
  -6.1883e-06
,    6.0799e-03
   2.0243e-03
   8.5835e-03
   1.1422e-02
   1.4241e-02
   1.7035e-02
   1.9800e-02
   2.2532e-02
   2.5225e-02
   2.7875e-02
   3.0477e-02
   3.3027e-02
   3.5521e-02
   3.7954e-02
   4.0322e-02
   4.2622e-02
   4.4849e-02
   4.6999e-02
   4.9070e-02
   5.1057e-02
   5.2957e-02
   5.4767e-02
   5.6484e-02
   5.8105e-02
   5.9627e-02
   6.1048e-02
   6.2366e-02
   6.3578e-02
   6.4682e-02
   6.5677e-02
   6.6561e-02
   6.7333e-02
   6.7991e-02
   6.8534e-02
   6.8962e-02
   6.9274e-02
   6.9470e-02
   6.9549e-02
   6.9511e-02
   6.9357e-02
   6.9087e-02
   6.8701e-02
   6.8201e-02
   6.7587e-02
   6.6861e-02
   6.6023e-02
   6.5075e-02
   6.4020e-02
   6.2859e-02
   6.1593e-02
   6.0226e-02
   5.8759e-02
   5.7196e-02
   5.5539e-02
   5.3790e-02
   5.1954e-02
   5.0032e-02
   4.8029e-02
   4.5947e-02
   4.3790e-02
   4.1562e-02
   3.9267e-02
   3.6908e-02
   3.4490e-02
   3.2016e-02
   2.9490e-02
   2.6917e-02
   2.4301e-02
   2.1645e-02
   1.8956e-02
   1.6236e-02
   1.3490e-02
   1.0723e-02
   7.9384e-03
   5.1417e-03
   2.3368e-03
  -4.7172e-04
  -3.2795e-03
  -6.0822e-03
  -8.8753e-03
  -1.1655e-02
  -1.4416e-02
  -1.7155e-02
  -1.9867e-02
  -2.2549e-02
  -2.5196e-02
  -2.7804e-02
  -3.0370e-02
  -3.2889e-02
  -3.5359e-02
  -3.7775e-02
  -4.0133e-02
  -4.2432e-02
  -4.4666e-02
  -4.6833e-02
  -4.8931e-02
  -5.0955e-02
  -5.2904e-02
  -5.4774e-02
  -5.6564e-02
  -5.8270e-02
  -5.9891e-02
  -6.1424e-02
  -6.2868e-02
  -6.4221e-02
  -6.5481e-02
  -6.6646e-02
  -6.7716e-02
  -6.8689e-02
  -6.9564e-02
  -7.0340e-02
  -7.1016e-02
  -7.1593e-02
  -7.2069e-02
  -7.2444e-02
  -7.2718e-02
  -7.2891e-02
  -7.2964e-02
  -7.2936e-02
  -7.2808e-02
  -7.2581e-02
  -7.2255e-02
  -7.1832e-02
  -7.1311e-02
  -7.0695e-02
  -6.9985e-02
  -6.9182e-02
  -6.8287e-02
  -6.7302e-02
  -6.6229e-02
  -6.5070e-02
  -6.3826e-02
  -6.2499e-02
  -6.1093e-02
  -5.9608e-02
  -5.8048e-02
  -5.6414e-02
  -5.4709e-02
  -5.2935e-02
  -5.1096e-02
  -4.9193e-02
  -4.7230e-02
  -4.5209e-02
  -4.3133e-02
  -4.1004e-02
  -3.8826e-02
  -3.6602e-02
  -3.4334e-02
  -3.2026e-02
  -2.9679e-02
  -2.7299e-02
  -2.4886e-02
  -2.2445e-02
  -1.9978e-02
  -1.7488e-02
  -1.4979e-02
  -1.2452e-02
  -9.9119e-03
  -7.3607e-03
  -4.8014e-03
  -2.2368e-03
   3.3025e-04
   2.8969e-03
   5.4605e-03
   8.0182e-03
   1.0568e-02
   1.3106e-02
   1.5630e-02
   1.8139e-02
   2.0629e-02
   2.3098e-02
   2.5544e-02
   2.7965e-02
   3.0358e-02
   3.2721e-02
   3.5052e-02
   3.7349e-02
   3.9611e-02
   4.1836e-02
   4.4021e-02
   4.6166e-02
   4.8268e-02
   5.0326e-02
   5.2338e-02
   5.4304e-02
   5.6222e-02
   5.8091e-02
   5.9909e-02
   6.1676e-02
   6.3391e-02
   6.5053e-02
   6.6661e-02
   6.8214e-02
   6.9712e-02
   7.1154e-02
   7.2539e-02
   7.3868e-02
   7.5140e-02
   7.6355e-02
   7.7512e-02
   7.8611e-02
   7.9653e-02
   8.0637e-02
   8.1563e-02
   8.2432e-02
   8.3244e-02
   8.3998e-02
   8.4696e-02
   8.5338e-02
   8.5924e-02
   8.6455e-02
   8.6931e-02
   8.7353e-02
   8.7721e-02
   8.8036e-02
   8.8299e-02
   8.8511e-02
   8.8672e-02
   8.8783e-02
   8.8846e-02
   8.8860e-02
   8.8828e-02
   8.8750e-02
   8.8626e-02
   8.8459e-02
   8.8248e-02
   8.7996e-02
   8.7703e-02
   8.7371e-02
   8.6999e-02
   8.6591e-02
   8.6146e-02
   8.5666e-02
   8.5152e-02
   8.4605e-02
   8.4026e-02
   8.3418e-02
   8.2780e-02
   8.2113e-02
   8.1420e-02
   8.0702e-02
   7.9958e-02
   7.9192e-02
   7.8403e-02
   7.7593e-02
   7.6763e-02
   7.5914e-02
   7.5047e-02
   7.4164e-02
   7.3266e-02
   7.2353e-02
   7.1427e-02
   7.0488e-02
   6.9538e-02
   6.8578e-02
   6.7609e-02
   6.6631e-02
   6.5646e-02
   6.4654e-02
   6.3657e-02
   6.2656e-02
   6.1650e-02
   6.0642e-02
   5.9631e-02
   5.8620e-02
   5.7607e-02
   5.6595e-02
   5.5584e-02
   5.4575e-02
   5.3568e-02
   5.2564e-02
   5.1563e-02
   5.0567e-02
   4.9576e-02
   4.8590e-02
   4.7610e-02
   4.6637e-02
   4.5670e-02
   4.4711e-02
   4.3760e-02
   4.2817e-02
   4.1883e-02
   4.0958e-02
   4.0042e-02
   3.9137e-02
   3.8241e-02
   3.7356e-02
   3.6481e-02
   3.5618e-02
   3.4765e-02
   3.3924e-02
   3.3095e-02
   3.2278e-02
   3.1472e-02
   3.0679e-02
   2.9898e-02
   2.9129e-02
   2.8373e-02
   2.7629e-02
   2.6898e-02
   2.6180e-02
   2.5474e-02
   2.4781e-02
   2.4101e-02
   2.3434e-02
   2.2780e-02
   2.2138e-02
   2.1509e-02
   2.0893e-02
   2.0289e-02
   1.9698e-02
   1.9120e-02
   1.8554e-02
   1.8000e-02
   1.7459e-02
   1.6930e-02
   1.6413e-02
   1.5907e-02
   1.5414e-02
   1.4932e-02
   1.4462e-02
   1.4003e-02
   1.3556e-02
   1.3120e-02
   1.2694e-02
   1.2280e-02
   1.1876e-02
   1.1482e-02
   1.1099e-02
   1.0727e-02
   1.0364e-02
   1.0011e-02
   9.6673e-03
   9.3334e-03
   9.0088e-03
   8.6933e-03
   8.3868e-03
   8.0890e-03
   7.7999e-03
   7.5191e-03
   7.2466e-03
   6.9822e-03
   6.7256e-03
   6.4767e-03
   6.2354e-03
   6.0014e-03
   5.7746e-03
   5.5548e-03
   5.3418e-03
   5.1354e-03
   4.9356e-03
   4.7420e-03
   4.5547e-03
   4.3733e-03
   4.1977e-03
   4.0278e-03
   3.8634e-03
   3.7044e-03
   3.5505e-03
   3.4017e-03
   3.2577e-03
   3.1185e-03
   2.9839e-03
   2.8537e-03
   2.7278e-03
   2.6061e-03
   2.4884e-03
   2.3746e-03
   2.2645e-03
   2.1581e-03
   2.0551e-03
   1.9555e-03
   1.8591e-03
   1.7658e-03
   1.6755e-03
   1.5880e-03
   1.5033e-03
   1.4212e-03
   1.3416e-03
   1.2643e-03
   1.1894e-03
   1.1166e-03
   1.0459e-03
   9.7706e-04
   9.1008e-04
   8.4482e-04
   7.8117e-04
   7.1903e-04
   6.5828e-04
   5.9884e-04
   5.4057e-04
   4.8340e-04
   4.2719e-04
   3.7187e-04
   3.1730e-04
   2.6340e-04
   2.1005e-04
   1.5714e-04
   1.0457e-04
   5.2230e-05
, 