   0.0230
   0.0076
   0.0323
   0.0429
   0.0533
   0.0635
   0.0734
   0.0830
   0.0923
   0.1012
   0.1098
   0.1179
   0.1255
   0.1326
   0.1393
   0.1454
   0.1510
   0.1561
   0.1606
   0.1645
   0.1679
   0.1707
   0.1730
   0.1747
   0.1759
   0.1766
   0.1767
   0.1764
   0.1756
   0.1743
   0.1726
   0.1705
   0.1681
   0.1653
   0.1621
   0.1587
   0.1550
   0.1510
   0.1469
   0.1425
   0.1380
   0.1334
   0.1286
   0.1238
   0.1189
   0.1140
   0.1091
   0.1042
   0.0993
   0.0944
   0.0896
   0.0849
   0.0803
   0.0758
   0.0714
   0.0670
   0.0629
   0.0588
   0.0549
   0.0511
   0.0475
   0.0440
   0.0407
   0.0375
   0.0344
   0.0315
   0.0287
   0.0260
   0.0235
   0.0211
   0.0188
   0.0166
   0.0145
   0.0125
   0.0105
   0.0086
   0.0068
   0.0051
   0.0034
   0.0017
,   -0.0307
  -0.0102
  -0.0430
  -0.0567
  -0.0697
  -0.0821
  -0.0937
  -0.1043
  -0.1139
  -0.1223
  -0.1296
  -0.1355
  -0.1401
  -0.1434
  -0.1452
  -0.1456
  -0.1447
  -0.1423
  -0.1386
  -0.1336
  -0.1273
  -0.1199
  -0.1113
  -0.1017
  -0.0912
  -0.0799
  -0.0679
  -0.0553
  -0.0422
  -0.0287
  -0.0151
  -0.0012
   0.0126
   0.0263
   0.0398
   0.0530
   0.0658
   0.0782
   0.0899
   0.1010
   0.1113
   0.1209
   0.1297
   0.1376
   0.1446
   0.1508
   0.1560
   0.1603
   0.1637
   0.1661
   0.1677
   0.1684
   0.1683
   0.1674
   0.1657
   0.1634
   0.1603
   0.1566
   0.1524
   0.1476
   0.1423
   0.1367
   0.1306
   0.1243
   0.1176
   0.1107
   0.1037
   0.0964
   0.0891
   0.0817
   0.0742
   0.0667
   0.0592
   0.0517
   0.0442
   0.0367
   0.0293
   0.0219
   0.0146
   0.0073
,   -0.0413
  -0.0136
  -0.0573
  -0.0748
  -0.0910
  -0.1055
  -0.1182
  -0.1288
  -0.1371
  -0.1430
  -0.1464
  -0.1471
  -0.1454
  -0.1410
  -0.1342
  -0.1251
  -0.1137
  -0.1005
  -0.0855
  -0.0690
  -0.0513
  -0.0328
  -0.0137
   0.0056
   0.0248
   0.0436
   0.0617
   0.0788
   0.0946
   0.1088
   0.1213
   0.1318
   0.1403
   0.1465
   0.1505
   0.1521
   0.1513
   0.1483
   0.1430
   0.1356
   0.1262
   0.1149
   0.1020
   0.0876
   0.0720
   0.0554
   0.0380
   0.0201
   0.0019
  -0.0163
  -0.0343
  -0.0519
  -0.0688
  -0.0848
  -0.0998
  -0.1136
  -0.1261
  -0.1371
  -0.1465
  -0.1543
  -0.1604
  -0.1648
  -0.1675
  -0.1685
  -0.1678
  -0.1655
  -0.1616
  -0.1562
  -0.1494
  -0.1414
  -0.1321
  -0.1218
  -0.1106
  -0.0984
  -0.0856
  -0.0722
  -0.0583
  -0.0440
  -0.0295
  -0.0148
, 