   0.0033
   0.0011
   0.0047
   0.0063
   0.0079
   0.0094
   0.0110
   0.0126
   0.0141
   0.0157
   0.0173
   0.0188
   0.0203
   0.0219
   0.0234
   0.0250
   0.0265
   0.0280
   0.0295
   0.0310
   0.0325
   0.0340
   0.0355
   0.0369
   0.0384
   0.0398
   0.0413
   0.0427
   0.0441
   0.0455
   0.0469
   0.0483
   0.0497
   0.0510
   0.0524
   0.0537
   0.0550
   0.0563
   0.0576
   0.0589
   0.0602
   0.0614
   0.0627
   0.0639
   0.0651
   0.0663
   0.0674
   0.0686
   0.0697
   0.0708
   0.0719
   0.0730
   0.0741
   0.0751
   0.0761
   0.0772
   0.0781
   0.0791
   0.0801
   0.0810
   0.0819
   0.0828
   0.0837
   0.0845
   0.0853
   0.0861
   0.0869
   0.0877
   0.0884
   0.0891
   0.0898
   0.0905
   0.0911
   0.0918
   0.0924
   0.0930
   0.0935
   0.0941
   0.0946
   0.0951
   0.0955
   0.0960
   0.0964
   0.0968
   0.0971
   0.0975
   0.0978
   0.0981
   0.0984
   0.0986
   0.0989
   0.0991
   0.0992
   0.0994
   0.0995
   0.0996
   0.0997
   0.0998
   0.0998
   0.0998
   0.0998
   0.0997
   0.0997
   0.0996
   0.0995
   0.0993
   0.0992
   0.0990
   0.0988
   0.0985
   0.0983
   0.0980
   0.0977
   0.0973
   0.0970
   0.0966
   0.0962
   0.0958
   0.0953
   0.0948
   0.0943
   0.0938
   0.0933
   0.0927
   0.0921
   0.0915
   0.0909
   0.0902
   0.0896
   0.0889
   0.0881
   0.0874
   0.0866
   0.0859
   0.0851
   0.0842
   0.0834
   0.0825
   0.0817
   0.0808
   0.0798
   0.0789
   0.0779
   0.0770
   0.0760
   0.0749
   0.0739
   0.0729
   0.0718
   0.0707
   0.0696
   0.0685
   0.0674
   0.0662
   0.0651
   0.0639
   0.0627
   0.0615
   0.0602
   0.0590
   0.0577
   0.0565
   0.0552
   0.0539
   0.0526
   0.0513
   0.0500
   0.0486
   0.0473
   0.0459
   0.0445
   0.0431
   0.0417
   0.0403
   0.0389
   0.0375
   0.0361
   0.0346
   0.0332
   0.0317
   0.0303
   0.0288
   0.0273
   0.0258
   0.0243
   0.0229
   0.0214
   0.0198
   0.0183
   0.0168
   0.0153
   0.0138
   0.0123
   0.0107
   0.0092
   0.0077
   0.0061
   0.0046
   0.0031
   0.0015
,   -0.0066
  -0.0022
  -0.0094
  -0.0125
  -0.0156
  -0.0186
  -0.0217
  -0.0247
  -0.0278
  -0.0307
  -0.0337
  -0.0366
  -0.0395
  -0.0424
  -0.0452
  -0.0479
  -0.0506
  -0.0533
  -0.0559
  -0.0585
  -0.0610
  -0.0634
  -0.0658
  -0.0681
  -0.0704
  -0.0725
  -0.0746
  -0.0767
  -0.0786
  -0.0805
  -0.0823
  -0.0840
  -0.0857
  -0.0872
  -0.0887
  -0.0901
  -0.0913
  -0.0925
  -0.0937
  -0.0947
  -0.0956
  -0.0964
  -0.0972
  -0.0978
  -0.0983
  -0.0988
  -0.0991
  -0.0994
  -0.0995
  -0.0996
  -0.0996
  -0.0994
  -0.0992
  -0.0988
  -0.0984
  -0.0979
  -0.0972
  -0.0965
  -0.0957
  -0.0948
  -0.0938
  -0.0927
  -0.0915
  -0.0902
  -0.0889
  -0.0874
  -0.0859
  -0.0843
  -0.0826
  -0.0808
  -0.0789
  -0.0770
  -0.0749
  -0.0728
  -0.0707
  -0.0684
  -0.0661
  -0.0638
  -0.0613
  -0.0589
  -0.0563
  -0.0537
  -0.0511
  -0.0484
  -0.0456
  -0.0428
  -0.0400
  -0.0371
  -0.0342
  -0.0312
  -0.0283
  -0.0252
  -0.0222
  -0.0192
  -0.0161
  -0.0130
  -0.0099
  -0.0068
  -0.0037
  -0.0006
   0.0026
   0.0057
   0.0088
   0.0119
   0.0150
   0.0181
   0.0211
   0.0242
   0.0272
   0.0302
   0.0331
   0.0361
   0.0389
   0.0418
   0.0446
   0.0474
   0.0501
   0.0528
   0.0554
   0.0580
   0.0605
   0.0629
   0.0653
   0.0676
   0.0699
   0.0721
   0.0742
   0.0763
   0.0783
   0.0802
   0.0820
   0.0837
   0.0854
   0.0870
   0.0884
   0.0899
   0.0912
   0.0924
   0.0935
   0.0946
   0.0955
   0.0964
   0.0972
   0.0979
   0.0984
   0.0989
   0.0993
   0.0996
   0.0998
   0.0999
   0.0999
   0.0998
   0.0996
   0.0993
   0.0989
   0.0985
   0.0979
   0.0972
   0.0964
   0.0956
   0.0946
   0.0936
   0.0925
   0.0912
   0.0899
   0.0885
   0.0870
   0.0855
   0.0838
   0.0821
   0.0803
   0.0784
   0.0764
   0.0744
   0.0723
   0.0701
   0.0678
   0.0655
   0.0631
   0.0607
   0.0582
   0.0556
   0.0530
   0.0504
   0.0477
   0.0449
   0.0421
   0.0393
   0.0364
   0.0335
   0.0306
   0.0276
   0.0246
   0.0216
   0.0185
   0.0155
   0.0124
   0.0093
   0.0062
   0.0031
,   -0.0099
  -0.0033
  -0.0140
  -0.0186
  -0.0232
  -0.0277
  -0.0322
  -0.0366
  -0.0409
  -0.0451
  -0.0492
  -0.0533
  -0.0572
  -0.0609
  -0.0646
  -0.0681
  -0.0714
  -0.0746
  -0.0776
  -0.0805
  -0.0831
  -0.0856
  -0.0879
  -0.0900
  -0.0919
  -0.0936
  -0.0951
  -0.0964
  -0.0975
  -0.0984
  -0.0990
  -0.0994
  -0.0996
  -0.0996
  -0.0994
  -0.0989
  -0.0983
  -0.0974
  -0.0963
  -0.0950
  -0.0935
  -0.0917
  -0.0898
  -0.0877
  -0.0853
  -0.0828
  -0.0801
  -0.0773
  -0.0742
  -0.0710
  -0.0677
  -0.0641
  -0.0605
  -0.0567
  -0.0528
  -0.0488
  -0.0446
  -0.0404
  -0.0361
  -0.0317
  -0.0272
  -0.0227
  -0.0181
  -0.0135
  -0.0088
  -0.0042
   0.0005
   0.0052
   0.0099
   0.0145
   0.0191
   0.0237
   0.0282
   0.0327
   0.0371
   0.0414
   0.0456
   0.0497
   0.0537
   0.0576
   0.0613
   0.0649
   0.0684
   0.0718
   0.0749
   0.0779
   0.0808
   0.0834
   0.0859
   0.0882
   0.0903
   0.0922
   0.0938
   0.0953
   0.0966
   0.0976
   0.0985
   0.0991
   0.0995
   0.0997
   0.0997
   0.0994
   0.0990
   0.0983
   0.0974
   0.0963
   0.0949
   0.0934
   0.0917
   0.0897
   0.0876
   0.0852
   0.0827
   0.0800
   0.0771
   0.0741
   0.0709
   0.0675
   0.0640
   0.0603
   0.0566
   0.0526
   0.0486
   0.0445
   0.0402
   0.0359
   0.0315
   0.0271
   0.0225
   0.0179
   0.0133
   0.0087
   0.0040
  -0.0007
  -0.0053
  -0.0100
  -0.0146
  -0.0192
  -0.0238
  -0.0283
  -0.0328
  -0.0372
  -0.0415
  -0.0457
  -0.0498
  -0.0538
  -0.0576
  -0.0614
  -0.0650
  -0.0685
  -0.0718
  -0.0750
  -0.0780
  -0.0808
  -0.0835
  -0.0859
  -0.0882
  -0.0903
  -0.0922
  -0.0939
  -0.0954
  -0.0967
  -0.0977
  -0.0986
  -0.0992
  -0.0996
  -0.0998
  -0.0998
  -0.0996
  -0.0991
  -0.0985
  -0.0976
  -0.0965
  -0.0952
  -0.0936
  -0.0919
  -0.0900
  -0.0879
  -0.0855
  -0.0830
  -0.0804
  -0.0775
  -0.0745
  -0.0713
  -0.0679
  -0.0644
  -0.0608
  -0.0570
  -0.0531
  -0.0491
  -0.0450
  -0.0408
  -0.0365
  -0.0321
  -0.0276
  -0.0231
  -0.0186
  -0.0140
  -0.0093
  -0.0047
, 